stationCode,num_bikes_available,num_docks_available,is_working,num_mechanical_bikes_available,num_ebike_bikes_available,updated_at
16107,8,27,1,6,2,2025-08-17 14:08:00
40001,26,2,1,5,21,2025-08-17 14:08:00
9020,4,17,1,0,4,2025-08-17 14:08:00
14111,10,15,1,5,5,2025-08-17 14:08:00
14014,16,42,1,13,3,2025-08-17 14:08:00
32017,17,4,1,13,4,2025-08-17 14:08:00
11104,1,19,1,0,1,2025-08-17 14:08:00
8026,2,10,1,0,2,2025-08-17 14:08:00
13007,12,6,1,8,4,2025-08-17 14:08:00
6003,10,11,1,2,8,2025-08-17 14:08:00
7002,11,23,1,10,1,2025-08-17 14:08:00
5110,8,15,1,6,2,2025-08-17 14:08:00
6108,2,15,1,1,1,2025-08-17 14:08:00
33006,6,25,1,0,6,2025-08-17 14:08:00
42016,7,19,1,4,3,2025-08-17 14:08:00
40011,19,8,1,15,4,2025-08-17 14:08:00
21010,3,22,1,2,1,2025-08-17 14:08:00
25006,3,19,1,2,1,2025-08-17 14:08:00
30002,28,8,1,3,25,2025-08-17 14:08:00
7003,21,37,1,11,10,2025-08-17 14:08:00
17041,3,34,1,3,0,2025-08-17 14:08:00
5016,8,9,1,4,4,2025-08-17 14:08:00
11025,29,14,1,26,3,2025-08-17 14:08:00
15047,4,48,1,3,1,2025-08-17 14:08:00
17026,2,38,1,2,0,2025-08-17 14:08:00
12109,24,6,1,20,4,2025-08-17 14:08:00
6021,5,15,1,4,1,2025-08-17 14:08:00
15202,10,20,1,4,6,2025-08-17 14:08:00
42208,13,20,1,9,4,2025-08-17 14:08:00
8050,9,36,1,6,3,2025-08-17 14:08:00
13101,10,22,1,8,2,2025-08-17 14:08:00
14108,6,15,1,4,2,2025-08-17 14:08:00
31024,7,31,1,1,6,2025-08-17 14:08:00
2022,10,25,1,2,8,2025-08-17 14:08:00
17044,22,20,1,17,5,2025-08-17 14:08:00
19033,0,42,1,0,0,2025-08-17 14:08:00
17025,11,24,1,10,1,2025-08-17 14:08:00
21326,5,12,1,1,4,2025-08-17 14:08:00
20143,2,41,1,1,1,2025-08-17 14:08:00
43002,10,16,1,4,6,2025-08-17 14:08:00
16138,12,18,1,6,6,2025-08-17 14:08:00
21216,1,24,1,0,1,2025-08-17 14:08:00
15068,8,8,1,2,6,2025-08-17 14:08:00
22207,14,8,1,6,8,2025-08-17 14:08:00
92002,8,15,1,0,8,2025-08-17 14:08:00
31028,11,14,1,10,1,2025-08-17 14:08:00
17048,3,25,1,0,3,2025-08-17 14:08:00
44017,26,2,1,15,11,2025-08-17 14:08:00
44010,24,6,1,7,17,2025-08-17 14:08:00
16118,7,18,1,6,1,2025-08-17 14:08:00
2017,11,29,1,8,3,2025-08-17 14:08:00
9008,10,7,1,4,6,2025-08-17 14:08:00
8103,4,32,1,3,1,2025-08-17 14:08:00
8048,2,19,1,2,0,2025-08-17 14:08:00
14013,5,21,1,0,5,2025-08-17 14:08:00
13118,42,21,1,39,3,2025-08-17 14:08:00
15112,5,19,1,0,5,2025-08-17 14:08:00
13030,4,16,1,0,4,2025-08-17 14:08:00
40016,14,8,1,4,10,2025-08-17 14:08:00
18111,3,22,1,0,3,2025-08-17 14:08:00
9002,2,12,1,0,2,2025-08-17 14:08:00
48003,19,3,1,1,18,2025-08-17 14:08:00
16110,15,6,1,13,2,2025-08-17 14:08:00
44015,18,2,1,9,9,2025-08-17 14:08:00
43009,9,39,1,3,6,2025-08-17 14:08:00
9001,7,10,1,3,4,2025-08-17 14:08:00
17032,7,14,1,7,0,2025-08-17 14:08:00
8016,24,5,1,22,2,2025-08-17 14:08:00
10115,4,23,1,0,4,2025-08-17 14:08:00
10029,4,19,1,1,3,2025-08-17 14:08:00
10161,4,24,1,0,4,2025-08-17 14:08:00
41303,24,8,1,10,14,2025-08-17 14:08:00
12031,35,1,1,31,4,2025-08-17 14:08:00
1001,2,14,1,0,2,2025-08-17 14:08:00
5022,6,13,1,2,4,2025-08-17 14:08:00
21328,5,23,1,0,5,2025-08-17 14:08:00
13104,20,6,1,17,3,2025-08-17 14:08:00
9038,1,25,1,0,1,2025-08-17 14:08:00
8009,23,4,1,20,3,2025-08-17 14:08:00
31103,25,9,1,13,12,2025-08-17 14:08:00
17008,7,16,1,1,6,2025-08-17 14:08:00
7018,7,12,1,2,5,2025-08-17 14:08:00
5005,3,21,1,0,3,2025-08-17 14:08:00
21323,25,3,1,25,0,2025-08-17 14:08:00
8053,11,18,1,10,1,2025-08-17 14:08:00
9014,7,27,1,4,3,2025-08-17 14:08:00
9106,18,10,1,15,3,2025-08-17 14:08:00
19105,8,9,1,0,8,2025-08-17 14:08:00
31706,4,22,1,0,4,2025-08-17 14:08:00
22409,4,12,1,0,4,2025-08-17 14:08:00
19015,15,9,1,6,9,2025-08-17 14:08:00
9022,7,26,1,6,1,2025-08-17 14:08:00
17004,6,34,1,2,4,2025-08-17 14:08:00
19003,5,19,1,2,3,2025-08-17 14:08:00
26003,2,14,1,1,1,2025-08-17 14:08:00
12151,36,21,1,7,29,2025-08-17 14:08:00
5020,39,1,1,27,12,2025-08-17 14:08:00
92007,20,2,1,2,18,2025-08-17 14:08:00
16026,9,14,1,6,3,2025-08-17 14:08:00
9028,1,16,1,1,0,2025-08-17 14:08:00
10107,14,31,1,4,10,2025-08-17 14:08:00
26002,15,25,1,8,7,2025-08-17 14:08:00
17043,4,35,1,4,0,2025-08-17 14:08:00
19026,2,13,1,0,2,2025-08-17 14:08:00
16039,6,42,1,6,0,2025-08-17 14:08:00
11023,4,42,1,3,1,2025-08-17 14:08:00
45003,16,20,1,3,13,2025-08-17 14:08:00
11002,13,9,1,9,4,2025-08-17 14:08:00
12111,6,39,1,1,5,2025-08-17 14:08:00
8034,8,27,1,3,5,2025-08-17 14:08:00
11047,24,6,1,21,3,2025-08-17 14:08:00
19043,11,41,1,2,9,2025-08-17 14:08:00
5032,7,32,1,1,6,2025-08-17 14:08:00
18107,13,21,1,11,2,2025-08-17 14:08:00
20042,2,37,1,1,1,2025-08-17 14:08:00
15067,7,5,1,1,6,2025-08-17 14:08:00
16108,6,32,1,3,3,2025-08-17 14:08:00
17030,3,20,1,1,2,2025-08-17 14:08:00
6006,10,8,1,8,2,2025-08-17 14:08:00
11027,10,27,1,5,5,2025-08-17 14:08:00
12128,2,32,1,0,2,2025-08-17 14:08:00
8010,0,17,1,0,0,2025-08-17 14:08:00
31022,14,38,1,0,14,2025-08-17 14:08:00
46002,32,1,1,7,25,2025-08-17 14:08:00
10016,3,14,1,2,1,2025-08-17 14:08:00
31009,3,23,1,0,3,2025-08-17 14:08:00
41302,24,25,1,1,23,2025-08-17 14:08:00
14020,6,51,1,4,2,2025-08-17 14:08:00
33017,23,3,1,3,20,2025-08-17 14:08:00
15042,16,0,1,16,0,2025-08-17 14:08:00
18011,16,23,1,6,10,2025-08-17 14:08:00
33102,9,8,1,4,5,2025-08-17 14:08:00
42706,5,20,1,0,5,2025-08-17 14:08:00
21212,6,16,1,2,4,2025-08-17 14:08:00
44006,28,7,1,9,19,2025-08-17 14:08:00
19120,4,23,1,0,4,2025-08-17 14:08:00
11113,30,27,1,21,9,2025-08-17 14:08:00
15104,30,34,1,26,4,2025-08-17 14:08:00
14003,37,12,1,16,21,2025-08-17 14:08:00
43008,6,19,1,6,0,2025-08-17 14:08:00
5018,24,12,1,13,11,2025-08-17 14:08:00
19101,7,17,1,0,7,2025-08-17 14:08:00
17204,12,18,1,11,1,2025-08-17 14:08:00
4016,56,1,1,35,21,2025-08-17 14:08:00
14138,4,28,1,0,4,2025-08-17 14:08:00
12114,4,23,1,3,1,2025-08-17 14:08:00
32308,0,1,0,0,0,2025-08-17 14:08:00
41209,3,12,1,2,1,2025-08-17 14:08:00
21312,1,29,1,1,0,2025-08-17 14:08:00
14008,9,19,1,7,2,2025-08-17 14:08:00
13001,9,9,1,5,4,2025-08-17 14:08:00
8017,3,62,1,0,3,2025-08-17 14:08:00
15054,11,8,1,9,2,2025-08-17 14:08:00
15106,18,17,1,10,8,2025-08-17 14:08:00
5124,3,21,1,1,2,2025-08-17 14:08:00
14106,3,18,1,2,1,2025-08-17 14:08:00
18046,10,23,1,3,7,2025-08-17 14:08:00
22406,14,9,1,5,9,2025-08-17 14:08:00
31102,2,18,1,1,1,2025-08-17 14:08:00
2111,28,1,1,20,8,2025-08-17 14:08:00
18022,6,31,1,0,6,2025-08-17 14:08:00
8054,0,32,1,0,0,2025-08-17 14:08:00
15109,17,11,1,14,3,2025-08-17 14:08:00
21209,1,29,1,0,1,2025-08-17 14:08:00
14012,5,32,1,4,1,2025-08-17 14:08:00
21005,13,13,1,10,3,2025-08-17 14:08:00
10042,11,19,1,8,3,2025-08-17 14:08:00
19103,3,16,1,3,0,2025-08-17 14:08:00
17203,9,18,1,6,3,2025-08-17 14:08:00
42014,26,6,1,24,2,2025-08-17 14:08:00
8045,37,20,1,23,14,2025-08-17 14:08:00
14124,5,17,1,3,2,2025-08-17 14:08:00
15133,15,11,1,12,3,2025-08-17 14:08:00
15110,17,7,1,16,1,2025-08-17 14:08:00
21006,11,16,1,6,5,2025-08-17 14:08:00
4201,0,1,0,0,0,2025-08-17 14:08:00
44013,2,28,1,0,2,2025-08-17 14:08:00
20131,11,22,1,2,9,2025-08-17 14:08:00
19210,0,29,0,0,0,2025-08-17 14:08:00
21015,5,18,1,3,2,2025-08-17 14:08:00
44003,15,5,1,12,3,2025-08-17 14:08:00
15034,30,23,1,26,4,2025-08-17 14:08:00
5028,19,8,1,16,3,2025-08-17 14:08:00
48010,7,9,1,2,5,2025-08-17 14:08:00
22203,12,16,1,2,10,2025-08-17 14:08:00
41202,3,58,1,0,3,2025-08-17 14:08:00
42021,12,17,1,7,5,2025-08-17 14:08:00
1119,19,4,1,11,8,2025-08-17 14:08:00
35020,5,15,1,0,5,2025-08-17 14:08:00
25003,10,13,1,1,9,2025-08-17 14:08:00
20115,5,14,1,4,1,2025-08-17 14:08:00
31003,3,27,1,1,2,2025-08-17 14:08:00
22402,1,37,1,1,0,2025-08-17 14:08:00
9116,16,7,1,7,9,2025-08-17 14:08:00
6025,4,27,1,2,2,2025-08-17 14:08:00
11030,7,17,1,5,2,2025-08-17 14:08:00
1020,32,7,1,20,12,2025-08-17 14:08:00
11039,23,13,1,15,8,2025-08-17 14:08:00
17013,0,23,1,0,0,2025-08-17 14:08:00
11026,15,30,1,5,10,2025-08-17 14:08:00
32604,9,41,1,9,0,2025-08-17 14:08:00
19024,0,20,1,0,0,2025-08-17 14:08:00
41601,4,21,1,2,2,2025-08-17 14:08:00
23006,6,15,1,2,4,2025-08-17 14:08:00
15021,22,42,1,18,4,2025-08-17 14:08:00
17105,4,38,1,1,3,2025-08-17 14:08:00
9010,2,21,1,1,1,2025-08-17 14:08:00
18028,5,28,1,2,3,2025-08-17 14:08:00
18009,9,13,1,2,7,2025-08-17 14:08:00
11105,10,15,1,4,6,2025-08-17 14:08:00
17125,3,28,1,1,2,2025-08-17 14:08:00
43005,26,24,1,5,21,2025-08-17 14:08:00
16136,16,14,1,12,4,2025-08-17 14:08:00
19032,18,29,1,4,14,2025-08-17 14:08:00
21701,3,25,1,0,3,2025-08-17 14:08:00
16008,8,24,1,4,4,2025-08-17 14:08:00
22003,1,24,1,1,0,2025-08-17 14:08:00
11024,14,33,1,11,3,2025-08-17 14:08:00
19022,6,20,1,0,6,2025-08-17 14:08:00
13050,39,17,1,33,6,2025-08-17 14:08:00
21008,16,18,1,15,1,2025-08-17 14:08:00
20134,0,20,1,0,0,2025-08-17 14:08:00
24001,8,20,1,2,6,2025-08-17 14:08:00
22016,8,18,1,2,6,2025-08-17 14:08:00
14136,0,40,1,0,0,2025-08-17 14:08:00
32302,8,12,1,1,7,2025-08-17 14:08:00
10014,24,29,1,10,14,2025-08-17 14:08:00
11035,5,47,1,2,3,2025-08-17 14:08:00
42010,37,15,1,32,5,2025-08-17 14:08:00
15046,3,26,1,1,2,2025-08-17 14:08:00
46001,13,5,1,11,2,2025-08-17 14:08:00
16040,18,15,1,16,2,2025-08-17 14:08:00
22006,2,25,1,2,0,2025-08-17 14:08:00
17028,8,28,1,7,1,2025-08-17 14:08:00
21301,2,32,1,0,2,2025-08-17 14:08:00
42302,19,1,1,6,13,2025-08-17 14:08:00
19029,2,17,1,1,1,2025-08-17 14:08:00
9032,16,20,1,1,15,2025-08-17 14:08:00
19016,3,28,1,0,3,2025-08-17 14:08:00
32003,12,16,1,4,8,2025-08-17 14:08:00
21104,7,15,1,4,3,2025-08-17 14:08:00
11042,12,36,1,4,8,2025-08-17 14:08:00
32026,16,10,1,14,2,2025-08-17 14:08:00
9005,3,29,1,2,1,2025-08-17 14:08:00
1013,33,34,1,13,20,2025-08-17 14:08:00
8025,2,33,1,1,1,2025-08-17 14:08:00
7102,5,43,1,4,1,2025-08-17 14:08:00
13002,1,26,1,0,1,2025-08-17 14:08:00
12204,34,0,1,28,6,2025-08-17 14:08:00
20121,4,15,1,0,4,2025-08-17 14:08:00
19013,6,27,1,2,4,2025-08-17 14:08:00
42301,17,9,1,2,15,2025-08-17 14:08:00
43003,9,17,1,7,2,2025-08-17 14:08:00
42504,5,25,1,1,4,2025-08-17 14:08:00
26013,8,18,1,6,2,2025-08-17 14:08:00
20111,3,16,1,1,2,2025-08-17 14:08:00
20043,3,24,1,0,3,2025-08-17 14:08:00
42015,10,15,1,1,9,2025-08-17 14:08:00
32016,16,23,1,5,11,2025-08-17 14:08:00
15201,3,35,1,0,3,2025-08-17 14:08:00
31010,2,40,1,1,1,2025-08-17 14:08:00
11004,11,22,1,9,2,2025-08-17 14:08:00
18201,14,19,1,8,6,2025-08-17 14:08:00
92008,29,9,1,9,20,2025-08-17 14:08:00
41402,23,2,1,19,4,2025-08-17 14:08:00
51004,19,10,1,8,11,2025-08-17 14:08:00
18012,5,31,1,3,2,2025-08-17 14:08:00
19125,7,23,1,3,4,2025-08-17 14:08:00
14036,21,24,1,18,3,2025-08-17 14:08:00
12009,10,7,1,5,5,2025-08-17 14:08:00
19205,11,11,1,0,11,2025-08-17 14:08:00
5123,24,3,1,20,4,2025-08-17 14:08:00
11036,14,44,1,11,3,2025-08-17 14:08:00
31203,0,0,0,0,0,2025-08-17 14:08:00
19008,10,16,1,8,2,2025-08-17 14:08:00
9021,3,19,1,1,2,2025-08-17 14:08:00
23009,7,43,1,3,4,2025-08-17 14:08:00
12027,16,0,1,13,3,2025-08-17 14:08:00
42029,20,7,1,1,19,2025-08-17 14:08:00
8035,11,24,1,7,4,2025-08-17 14:08:00
21313,22,3,1,21,1,2025-08-17 14:08:00
17102,10,18,1,6,4,2025-08-17 14:08:00
28001,15,14,1,2,13,2025-08-17 14:08:00
26007,16,4,1,4,12,2025-08-17 14:08:00
11007,46,17,1,43,3,2025-08-17 14:08:00
15025,41,6,1,33,8,2025-08-17 14:08:00
35018,15,8,1,10,5,2025-08-17 14:08:00
18110,6,13,1,2,4,2025-08-17 14:08:00
19005,4,17,1,2,2,2025-08-17 14:08:00
10113,6,35,1,2,4,2025-08-17 14:08:00
41606,3,16,1,3,0,2025-08-17 14:08:00
17011,53,3,1,47,6,2025-08-17 14:08:00
17045,26,20,1,22,4,2025-08-17 14:08:00
43402,37,3,1,32,5,2025-08-17 14:08:00
33018,16,14,1,10,6,2025-08-17 14:08:00
12013,1,14,1,0,1,2025-08-17 14:08:00
11115,3,20,1,2,1,2025-08-17 14:08:00
16111,5,27,1,5,0,2025-08-17 14:08:00
7015,15,32,1,7,8,2025-08-17 14:08:00
5021,20,19,1,18,2,2025-08-17 14:08:00
6013,6,21,1,1,5,2025-08-17 14:08:00
12115,7,23,1,5,2,2025-08-17 14:08:00
21305,10,15,1,6,4,2025-08-17 14:08:00
18204,3,49,1,3,0,2025-08-17 14:08:00
8033,16,26,1,6,10,2025-08-17 14:08:00
16121,25,7,1,10,15,2025-08-17 14:08:00
23001,7,31,1,7,0,2025-08-17 14:08:00
15010,8,23,1,7,1,2025-08-17 14:08:00
41102,20,22,1,4,16,2025-08-17 14:08:00
17037,3,19,1,2,1,2025-08-17 14:08:00
18141,8,9,1,5,3,2025-08-17 14:08:00
5106,0,19,0,0,0,2025-08-17 14:08:00
16124,16,50,1,12,4,2025-08-17 14:08:00
33003,4,44,1,3,1,2025-08-17 14:08:00
33009,33,0,1,18,15,2025-08-17 14:08:00
25005,3,22,1,3,0,2025-08-17 14:08:00
22505,9,13,1,4,5,2025-08-17 14:08:00
13045,17,19,1,5,12,2025-08-17 14:08:00
19115,6,20,1,1,5,2025-08-17 14:08:00
14034,4,19,1,1,3,2025-08-17 14:08:00
32010,13,26,1,6,7,2025-08-17 14:08:00
16018,5,13,1,5,0,2025-08-17 14:08:00
12034,47,1,1,39,8,2025-08-17 14:08:00
15033,7,23,1,4,3,2025-08-17 14:08:00
25008,7,11,1,1,6,2025-08-17 14:08:00
19044,6,44,1,2,4,2025-08-17 14:08:00
24002,9,24,1,2,7,2025-08-17 14:08:00
33001,11,23,1,7,4,2025-08-17 14:08:00
16034,8,25,1,5,3,2025-08-17 14:08:00
41404,23,3,1,15,8,2025-08-17 14:08:00
7009,10,66,1,4,6,2025-08-17 14:08:00
20132,4,22,1,2,2,2025-08-17 14:08:00
42707,13,10,1,0,13,2025-08-17 14:08:00
92003,24,1,1,17,7,2025-08-17 14:08:00
5119,23,17,1,17,6,2025-08-17 14:08:00
35009,4,18,1,1,3,2025-08-17 14:08:00
8055,8,23,1,2,6,2025-08-17 14:08:00
27002,21,9,1,11,10,2025-08-17 14:08:00
21109,24,2,1,16,8,2025-08-17 14:08:00
23701,16,8,1,3,13,2025-08-17 14:08:00
17007,12,42,1,9,3,2025-08-17 14:08:00
21502,3,23,1,2,1,2025-08-17 14:08:00
31012,5,20,1,3,2,2025-08-17 14:08:00
12024,23,12,1,21,2,2025-08-17 14:08:00
16129,5,36,1,5,0,2025-08-17 14:08:00
35019,17,9,1,4,13,2025-08-17 14:08:00
14104,5,18,1,0,5,2025-08-17 14:08:00
20113,1,20,1,1,0,2025-08-17 14:08:00
20119,2,22,1,0,2,2025-08-17 14:08:00
31705,18,32,1,3,15,2025-08-17 14:08:00
6030,12,23,1,8,4,2025-08-17 14:08:00
23802,2,21,1,0,2,2025-08-17 14:08:00
12126,13,38,1,5,8,2025-08-17 14:08:00
20036,1,31,1,0,1,2025-08-17 14:08:00
19019,7,15,1,4,3,2025-08-17 14:08:00
41604,6,24,1,2,4,2025-08-17 14:08:00
15017,2,21,1,0,2,2025-08-17 14:08:00
15029,46,5,1,39,7,2025-08-17 14:08:00
17018,5,12,1,1,4,2025-08-17 14:08:00
18005,12,5,1,0,12,2025-08-17 14:08:00
10005,10,5,1,9,1,2025-08-17 14:08:00
26001,18,6,1,7,11,2025-08-17 14:08:00
18020,3,17,1,1,2,2025-08-17 14:08:00
20136,3,24,1,1,2,2025-08-17 14:08:00
5026,33,15,1,33,0,2025-08-17 14:08:00
43006,28,1,1,15,13,2025-08-17 14:08:00
5002,27,7,1,24,3,2025-08-17 14:08:00
15028,43,26,1,39,4,2025-08-17 14:08:00
8102,8,17,1,3,5,2025-08-17 14:08:00
14018,10,36,1,1,9,2025-08-17 14:08:00
31702,0,16,1,0,0,2025-08-17 14:08:00
7004,9,9,1,7,2,2025-08-17 14:08:00
21013,5,16,1,5,0,2025-08-17 14:08:00
42503,4,26,1,0,4,2025-08-17 14:08:00
21111,8,41,1,7,1,2025-08-17 14:08:00
2010,9,20,1,2,7,2025-08-17 14:08:00
11114,26,6,1,24,2,2025-08-17 14:08:00
5116,43,8,1,31,12,2025-08-17 14:08:00
7006,11,18,1,3,8,2025-08-17 14:08:00
7014,6,35,1,3,3,2025-08-17 14:08:00
8012,4,43,1,0,4,2025-08-17 14:08:00
92004,0,20,0,0,0,2025-08-17 14:08:00
20040,1,25,1,0,1,2025-08-17 14:08:00
17017,1,32,1,1,0,2025-08-17 14:08:00
34002,8,19,1,6,2,2025-08-17 14:08:00
13026,3,31,1,1,2,2025-08-17 14:08:00
23002,2,47,1,1,1,2025-08-17 14:08:00
14139,4,26,1,0,4,2025-08-17 14:08:00
13102,28,23,1,19,9,2025-08-17 14:08:00
11101,29,19,1,28,1,2025-08-17 14:08:00
15055,16,38,1,14,2,2025-08-17 14:08:00
14130,7,23,1,5,2,2025-08-17 14:08:00
10015,23,20,1,16,7,2025-08-17 14:08:00
41207,14,14,1,3,11,2025-08-17 14:08:00
10023,0,14,0,0,0,2025-08-17 14:08:00
12011,35,0,1,30,5,2025-08-17 14:08:00
21308,35,23,1,32,3,2025-08-17 14:08:00
12032,21,15,1,10,11,2025-08-17 14:08:00
19037,13,16,1,3,10,2025-08-17 14:08:00
6103,15,40,1,9,6,2025-08-17 14:08:00
15038,9,54,1,2,7,2025-08-17 14:08:00
21032,14,13,1,14,0,2025-08-17 14:08:00
20021,2,36,1,0,2,2025-08-17 14:08:00
7005,9,43,1,1,8,2025-08-17 14:08:00
6018,8,9,1,1,7,2025-08-17 14:08:00
21019,4,24,1,0,4,2025-08-17 14:08:00
21105,15,10,1,10,5,2025-08-17 14:08:00
27008,6,19,1,3,3,2025-08-17 14:08:00
19109,2,17,1,1,1,2025-08-17 14:08:00
31019,3,35,1,2,1,2025-08-17 14:08:00
32014,25,8,1,19,6,2025-08-17 14:08:00
18032,27,28,1,19,8,2025-08-17 14:08:00
17124,6,20,1,2,4,2025-08-17 14:08:00
44012,3,16,1,0,3,2025-08-17 14:08:00
17027,2,42,1,1,1,2025-08-17 14:08:00
31016,8,28,1,1,7,2025-08-17 14:08:00
51003,5,25,1,4,1,2025-08-17 14:08:00
22101,16,15,1,6,10,2025-08-17 14:08:00
13016,33,1,1,23,10,2025-08-17 14:08:00
13043,36,15,1,27,9,2025-08-17 14:08:00
2009,24,33,1,16,8,2025-08-17 14:08:00
44102,4,22,1,2,2,2025-08-17 14:08:00
9115,0,22,1,0,0,2025-08-17 14:08:00
19039,2,22,1,0,2,2025-08-17 14:08:00
16032,7,14,1,3,4,2025-08-17 14:08:00
21003,11,27,1,10,1,2025-08-17 14:08:00
22001,13,10,1,10,3,2025-08-17 14:08:00
18025,16,22,1,6,10,2025-08-17 14:08:00
17122,2,27,1,0,2,2025-08-17 14:08:00
20027,0,15,1,0,0,2025-08-17 14:08:00
9023,10,23,1,9,1,2025-08-17 14:08:00
14122,6,13,1,4,2,2025-08-17 14:08:00
16123,18,8,1,10,8,2025-08-17 14:08:00
8051,1,14,1,0,1,2025-08-17 14:08:00
31007,20,28,1,3,17,2025-08-17 14:08:00
15108,11,11,1,8,3,2025-08-17 14:08:00
19040,19,22,1,2,17,2025-08-17 14:08:00
17047,7,19,1,6,1,2025-08-17 14:08:00
6016,7,14,1,6,1,2025-08-17 14:08:00
41204,5,14,1,1,4,2025-08-17 14:08:00
17046,6,19,1,4,2,2025-08-17 14:08:00
17121,9,11,1,3,6,2025-08-17 14:08:00
19009,12,17,1,7,5,2025-08-17 14:08:00
18109,4,42,1,0,4,2025-08-17 14:08:00
19038,4,16,1,1,3,2025-08-17 14:08:00
18029,6,33,1,1,5,2025-08-17 14:08:00
21703,4,18,1,0,4,2025-08-17 14:08:00
35017,3,15,1,2,1,2025-08-17 14:08:00
20118,3,21,1,0,3,2025-08-17 14:08:00
16021,5,18,1,2,3,2025-08-17 14:08:00
9031,17,8,1,7,10,2025-08-17 14:08:00
9117,4,26,1,0,4,2025-08-17 14:08:00
20023,3,11,1,0,3,2025-08-17 14:08:00
14002,18,26,1,11,7,2025-08-17 14:08:00
15035,20,23,1,14,6,2025-08-17 14:08:00
18049,16,38,1,5,11,2025-08-17 14:08:00
10020,6,4,1,3,3,2025-08-17 14:08:00
18113,6,18,1,0,6,2025-08-17 14:08:00
34010,8,39,1,2,6,2025-08-17 14:08:00
11041,8,34,1,2,6,2025-08-17 14:08:00
31703,3,23,1,0,3,2025-08-17 14:08:00
35003,10,14,1,5,5,2025-08-17 14:08:00
15031,36,17,1,34,2,2025-08-17 14:08:00
21014,8,14,1,4,4,2025-08-17 14:08:00
5121,18,15,1,8,10,2025-08-17 14:08:00
11006,23,13,1,22,1,2025-08-17 14:08:00
47005,33,3,1,29,4,2025-08-17 14:08:00
19127,4,19,1,0,4,2025-08-17 14:08:00
16015,4,11,1,2,2,2025-08-17 14:08:00
17040,8,40,1,8,0,2025-08-17 14:08:00
1120,19,8,1,2,17,2025-08-17 14:08:00
14112,2,13,1,0,2,2025-08-17 14:08:00
47004,18,1,1,5,13,2025-08-17 14:08:00
9026,4,13,1,1,3,2025-08-17 14:08:00
21001,17,10,1,9,8,2025-08-17 14:08:00
18033,3,31,1,0,3,2025-08-17 14:08:00
11010,4,37,1,0,4,2025-08-17 14:08:00
16122,8,41,1,3,5,2025-08-17 14:08:00
15002,5,11,1,3,2,2025-08-17 14:08:00
21310,14,8,1,13,1,2025-08-17 14:08:00
23007,12,15,1,9,3,2025-08-17 14:08:00
20016,6,27,1,2,4,2025-08-17 14:08:00
32015,20,19,1,13,7,2025-08-17 14:08:00
10010,19,13,1,7,12,2025-08-17 14:08:00
16043,3,11,1,0,3,2025-08-17 14:08:00
16027,4,58,1,2,2,2025-08-17 14:08:00
20116,7,15,1,2,5,2025-08-17 14:08:00
6107,9,14,1,6,3,2025-08-17 14:08:00
16029,24,23,1,19,5,2025-08-17 14:08:00
8019,6,19,1,1,5,2025-08-17 14:08:00
9017,11,18,1,1,10,2025-08-17 14:08:00
18008,2,30,1,1,1,2025-08-17 14:08:00
7008,10,6,1,2,8,2025-08-17 14:08:00
16112,16,21,1,8,8,2025-08-17 14:08:00
42703,4,41,1,0,4,2025-08-17 14:08:00
14030,5,27,1,3,2,2025-08-17 14:08:00
20201,7,13,1,2,5,2025-08-17 14:08:00
13046,32,12,1,25,7,2025-08-17 14:08:00
22102,3,20,1,1,2,2025-08-17 14:08:00
15003,29,36,1,3,26,2025-08-17 14:08:00
4110,15,5,1,11,4,2025-08-17 14:08:00
6032,13,13,1,5,8,2025-08-17 14:08:00
17022,16,30,1,11,5,2025-08-17 14:08:00
7020,15,25,1,9,6,2025-08-17 14:08:00
10036,4,21,1,3,1,2025-08-17 14:08:00
23304,17,15,1,5,12,2025-08-17 14:08:00
6017,6,26,1,6,0,2025-08-17 14:08:00
12161,21,22,1,16,5,2025-08-17 14:08:00
15107,20,1,1,17,3,2025-08-17 14:08:00
9101,4,15,1,2,2,2025-08-17 14:08:00
18017,6,37,1,3,3,2025-08-17 14:08:00
19041,4,38,1,0,4,2025-08-17 14:08:00
11043,19,2,1,16,3,2025-08-17 14:08:00
1117,16,9,1,10,6,2025-08-17 14:08:00
13103,7,43,1,2,5,2025-08-17 14:08:00
15059,0,49,0,0,0,2025-08-17 14:08:00
13010,9,31,1,1,8,2025-08-17 14:08:00
31704,2,27,1,1,1,2025-08-17 14:08:00
32603,1,31,1,0,1,2025-08-17 14:08:00
17201,17,34,1,14,3,2025-08-17 14:08:00
23403,19,2,1,4,15,2025-08-17 14:08:00
23903,11,19,1,11,0,2025-08-17 14:08:00
4013,17,10,1,11,6,2025-08-17 14:08:00
45001,19,2,1,11,8,2025-08-17 14:08:00
31023,7,26,1,1,6,2025-08-17 14:08:00
9118,3,33,1,1,2,2025-08-17 14:08:00
21024,4,18,1,3,1,2025-08-17 14:08:00
10163,15,14,1,4,11,2025-08-17 14:08:00
2001,12,14,1,9,3,2025-08-17 14:08:00
19023,7,16,1,1,6,2025-08-17 14:08:00
20019,3,28,1,0,3,2025-08-17 14:08:00
18137,5,23,1,4,1,2025-08-17 14:08:00
7101,17,32,1,14,3,2025-08-17 14:08:00
18138,5,15,1,2,3,2025-08-17 14:08:00
17116,13,13,1,12,1,2025-08-17 14:08:00
13041,7,43,1,0,7,2025-08-17 14:08:00
7016,23,34,1,18,5,2025-08-17 14:08:00
4011,34,0,1,27,7,2025-08-17 14:08:00
12041,27,33,1,22,5,2025-08-17 14:08:00
12108,48,17,1,29,19,2025-08-17 14:08:00
14006,9,14,1,3,6,2025-08-17 14:08:00
7013,7,35,1,4,3,2025-08-17 14:08:00
8056,8,21,1,1,7,2025-08-17 14:08:00
21311,44,11,1,34,10,2025-08-17 14:08:00
10207,0,1,0,0,0,2025-08-17 14:08:00
21114,12,18,1,5,7,2025-08-17 14:08:00
31013,9,33,1,0,9,2025-08-17 14:08:00
32018,22,3,1,15,7,2025-08-17 14:08:00
17016,11,19,1,7,4,2025-08-17 14:08:00
20202,2,29,1,1,1,2025-08-17 14:08:00
18019,4,47,1,1,3,2025-08-17 14:08:00
11003,26,8,1,25,1,2025-08-17 14:08:00
16202,0,30,0,0,0,2025-08-17 14:08:00
11034,7,41,1,3,4,2025-08-17 14:08:00
9012,5,38,1,1,4,2025-08-17 14:08:00
15020,13,19,1,11,2,2025-08-17 14:08:00
41206,24,9,1,7,17,2025-08-17 14:08:00
13113,11,22,1,1,10,2025-08-17 14:08:00
19031,5,17,1,0,5,2025-08-17 14:08:00
13114,14,8,1,6,8,2025-08-17 14:08:00
15061,10,11,1,8,2,2025-08-17 14:08:00
20017,6,21,1,1,5,2025-08-17 14:08:00
11019,11,21,1,3,8,2025-08-17 14:08:00
23008,13,12,1,11,2,2025-08-17 14:08:00
15063,16,7,1,16,0,2025-08-17 14:08:00
21108,25,26,1,21,4,2025-08-17 14:08:00
6014,13,9,1,11,2,2025-08-17 14:08:00
14116,8,16,1,7,1,2025-08-17 14:08:00
31018,11,22,1,3,8,2025-08-17 14:08:00
47002,19,2,1,9,10,2025-08-17 14:08:00
33005,12,20,1,6,6,2025-08-17 14:08:00
2110,14,14,1,5,9,2025-08-17 14:08:00
7026,12,13,1,10,2,2025-08-17 14:08:00
1016,22,1,1,18,4,2025-08-17 14:08:00
8015,18,34,1,13,5,2025-08-17 14:08:00
5019,20,5,1,13,7,2025-08-17 14:08:00
14007,7,27,1,5,2,2025-08-17 14:08:00
10164,1,33,1,0,1,2025-08-17 14:08:00
11107,31,13,1,29,2,2025-08-17 14:08:00
9113,4,26,1,3,1,2025-08-17 14:08:00
20103,2,23,1,1,1,2025-08-17 14:08:00
2014,23,9,1,16,7,2025-08-17 14:08:00
4109,11,4,1,7,4,2025-08-17 14:08:00
3101,17,17,1,14,3,2025-08-17 14:08:00
45504,0,1,0,0,0,2025-08-17 14:08:00
8049,5,17,1,2,3,2025-08-17 14:08:00
11048,42,0,1,35,7,2025-08-17 14:08:00
2101,17,16,1,16,1,2025-08-17 14:08:00
12154,5,33,1,1,4,2025-08-17 14:08:00
22017,2,26,1,1,1,2025-08-17 14:08:00
19021,5,22,1,0,5,2025-08-17 14:08:00
8105,14,17,1,2,12,2025-08-17 14:08:00
17104,9,13,1,5,4,2025-08-17 14:08:00
19030,1,27,1,0,1,2025-08-17 14:08:00
21004,3,28,1,2,1,2025-08-17 14:08:00
22002,4,21,1,2,2,2025-08-17 14:08:00
35008,3,25,1,2,1,2025-08-17 14:08:00
13022,6,26,1,5,1,2025-08-17 14:08:00
20045,2,27,1,0,2,2025-08-17 14:08:00
13019,35,1,1,31,4,2025-08-17 14:08:00
11044,8,11,1,7,1,2025-08-17 14:08:00
5030,12,34,1,8,4,2025-08-17 14:08:00
16041,10,36,1,9,1,2025-08-17 14:08:00
21952,12,29,1,9,3,2025-08-17 14:08:00
9015,12,17,1,8,4,2025-08-17 14:08:00
8029,13,45,1,10,3,2025-08-17 14:08:00
17033,2,28,1,1,1,2025-08-17 14:08:00
11110,7,45,1,3,4,2025-08-17 14:08:00
16031,3,18,1,0,3,2025-08-17 14:08:00
12153,53,2,1,41,12,2025-08-17 14:08:00
2201,0,30,0,0,0,2025-08-17 14:08:00
17005,1,52,1,0,1,2025-08-17 14:08:00
21017,17,37,1,15,2,2025-08-17 14:08:00
14127,16,22,1,7,9,2025-08-17 14:08:00
14016,42,12,1,15,27,2025-08-17 14:08:00
12033,64,1,1,56,8,2025-08-17 14:08:00
22012,11,13,1,8,3,2025-08-17 14:08:00
18142,9,22,1,2,7,2025-08-17 14:08:00
12120,12,37,1,5,7,2025-08-17 14:08:00
18035,23,13,1,18,5,2025-08-17 14:08:00
13110,7,15,1,0,7,2025-08-17 14:08:00
23105,2,31,1,0,2,2025-08-17 14:08:00
15009,14,28,1,13,1,2025-08-17 14:08:00
23005,12,14,1,6,6,2025-08-17 14:08:00
21120,15,15,1,11,4,2025-08-17 14:08:00
20117,0,31,1,0,0,2025-08-17 14:08:00
48009,18,12,1,0,18,2025-08-17 14:08:00
14125,5,19,1,3,2,2025-08-17 14:08:00
21009,13,32,1,13,0,2025-08-17 14:08:00
31017,12,8,1,0,12,2025-08-17 14:08:00
13047,35,13,1,31,4,2025-08-17 14:08:00
44103,10,8,1,7,3,2025-08-17 14:08:00
4107,15,3,1,6,9,2025-08-17 14:08:00
22403,13,10,1,7,6,2025-08-17 14:08:00
42011,11,16,1,4,7,2025-08-17 14:08:00
20047,2,46,1,1,1,2025-08-17 14:08:00
9013,5,18,1,2,3,2025-08-17 14:08:00
18114,2,20,1,1,1,2025-08-17 14:08:00
21951,3,19,1,0,3,2025-08-17 14:08:00
92005,6,37,1,4,2,2025-08-17 14:08:00
22103,5,19,1,2,3,2025-08-17 14:08:00
19113,5,23,1,0,5,2025-08-17 14:08:00
14128,9,20,1,3,6,2025-08-17 14:08:00
10039,0,23,1,0,0,2025-08-17 14:08:00
19036,13,19,1,3,10,2025-08-17 14:08:00
31101,4,14,1,0,4,2025-08-17 14:08:00
31026,2,17,1,0,2,2025-08-17 14:08:00
17001,6,46,1,2,4,2025-08-17 14:08:00
12129,14,21,1,8,6,2025-08-17 14:08:00
35004,10,49,1,2,8,2025-08-17 14:08:00
31707,12,35,1,5,7,2025-08-17 14:08:00
8011,0,14,1,0,0,2025-08-17 14:08:00
13020,24,18,1,23,1,2025-08-17 14:08:00
19124,7,24,1,0,7,2025-08-17 14:08:00
7010,20,45,1,6,14,2025-08-17 14:08:00
14113,4,34,1,3,1,2025-08-17 14:08:00
35015,17,2,1,4,13,2025-08-17 14:08:00
32021,17,47,1,7,10,2025-08-17 14:08:00
15019,11,26,1,5,6,2025-08-17 14:08:00
20203,5,15,1,0,5,2025-08-17 14:08:00
7024,28,1,1,19,9,2025-08-17 14:08:00
20004,5,12,1,0,5,2025-08-17 14:08:00
12150,26,1,1,22,4,2025-08-17 14:08:00
11031,21,18,1,17,4,2025-08-17 14:08:00
12125,18,31,1,7,11,2025-08-17 14:08:00
13515,15,43,1,11,4,2025-08-17 14:08:00
9016,3,12,1,2,1,2025-08-17 14:08:00
15131,12,35,1,9,3,2025-08-17 14:08:00
10037,4,20,1,2,2,2025-08-17 14:08:00
9036,1,19,1,0,1,2025-08-17 14:08:00
15125,29,22,1,8,21,2025-08-17 14:08:00
13117,22,17,1,1,21,2025-08-17 14:08:00
13027,0,15,1,0,0,2025-08-17 14:08:00
17029,11,26,1,6,5,2025-08-17 14:08:00
10004,44,2,1,35,9,2025-08-17 14:08:00
21118,9,7,1,7,2,2025-08-17 14:08:00
11103,29,9,1,22,7,2025-08-17 14:08:00
20039,5,45,1,3,2,2025-08-17 14:08:00
21203,10,17,1,0,10,2025-08-17 14:08:00
5034,17,50,1,11,6,2025-08-17 14:08:00
10017,9,6,1,5,4,2025-08-17 14:08:00
21316,2,22,1,0,2,2025-08-17 14:08:00
19025,4,17,1,1,3,2025-08-17 14:08:00
16009,8,9,1,2,6,2025-08-17 14:08:00
21029,6,23,1,2,4,2025-08-17 14:08:00
16003,3,26,1,2,1,2025-08-17 14:08:00
12006,32,7,1,23,9,2025-08-17 14:08:00
16014,21,3,1,3,18,2025-08-17 14:08:00
16007,8,2,1,3,5,2025-08-17 14:08:00
22013,6,24,1,4,2,2025-08-17 14:08:00
10110,5,22,1,0,5,2025-08-17 14:08:00
21115,3,29,1,3,0,2025-08-17 14:08:00
21708,18,12,1,6,12,2025-08-17 14:08:00
21307,20,10,1,16,4,2025-08-17 14:08:00
41210,1,19,1,0,1,2025-08-17 14:08:00
21702,6,44,1,1,5,2025-08-17 14:08:00
42304,17,3,1,12,5,2025-08-17 14:08:00
11109,3,19,1,2,1,2025-08-17 14:08:00
15052,10,38,1,7,3,2025-08-17 14:08:00
31021,5,24,1,0,5,2025-08-17 14:08:00
44002,14,11,1,3,11,2025-08-17 14:08:00
16115,23,19,1,20,3,2025-08-17 14:08:00
15123,23,21,1,15,8,2025-08-17 14:08:00
13039,12,6,1,5,7,2025-08-17 14:08:00
21030,3,17,1,0,3,2025-08-17 14:08:00
21031,1,39,1,1,0,2025-08-17 14:08:00
16024,15,7,1,13,2,2025-08-17 14:08:00
15043,2,8,1,1,1,2025-08-17 14:08:00
17039,10,28,1,10,0,2025-08-17 14:08:00
22604,13,20,1,1,12,2025-08-17 14:08:00
20009,5,15,1,0,5,2025-08-17 14:08:00
42305,11,8,1,3,8,2025-08-17 14:08:00
11032,6,40,1,1,5,2025-08-17 14:08:00
21955,13,13,1,12,1,2025-08-17 14:08:00
16101,3,25,1,2,1,2025-08-17 14:08:00
13121,42,3,1,41,1,2025-08-17 14:08:00
8001,21,25,1,11,10,2025-08-17 14:08:00
10012,3,22,1,2,1,2025-08-17 14:08:00
13048,13,13,1,10,3,2025-08-17 14:08:00
21028,14,19,1,10,4,2025-08-17 14:08:00
4003,16,5,1,9,7,2025-08-17 14:08:00
10018,5,23,1,2,3,2025-08-17 14:08:00
32301,1,16,1,0,1,2025-08-17 14:08:00
20108,4,19,1,1,3,2025-08-17 14:08:00
21219,4,31,1,3,1,2025-08-17 14:08:00
4001,26,3,1,14,12,2025-08-17 14:08:00
31025,7,28,1,0,7,2025-08-17 14:08:00
5014,10,18,1,6,4,2025-08-17 14:08:00
23902,31,14,1,14,17,2025-08-17 14:08:00
20007,9,40,1,1,8,2025-08-17 14:08:00
13033,3,10,1,0,3,2025-08-17 14:08:00
42701,11,19,1,0,11,2025-08-17 14:08:00
20122,2,21,1,1,1,2025-08-17 14:08:00
16020,25,11,1,18,7,2025-08-17 14:08:00
13126,10,6,1,7,3,2025-08-17 14:08:00
14101,10,23,1,3,7,2025-08-17 14:08:00
17015,2,45,1,1,1,2025-08-17 14:08:00
15023,19,15,1,16,3,2025-08-17 14:08:00
22501,10,9,1,6,4,2025-08-17 14:08:00
42003,12,17,1,10,2,2025-08-17 14:08:00
8549,14,10,1,0,14,2025-08-17 14:08:00
13011,2,9,1,0,2,2025-08-17 14:08:00
40009,7,23,1,3,4,2025-08-17 14:08:00
12043,33,7,1,19,14,2025-08-17 14:08:00
15072,27,4,1,21,6,2025-08-17 14:08:00
23003,12,15,1,10,2,2025-08-17 14:08:00
14131,7,21,1,0,7,2025-08-17 14:08:00
17023,8,28,1,4,4,2025-08-17 14:08:00
19108,12,25,1,4,8,2025-08-17 14:08:00
44007,15,6,1,9,6,2025-08-17 14:08:00
4002,17,5,1,7,10,2025-08-17 14:08:00
10105,13,11,1,10,3,2025-08-17 14:08:00
17003,11,33,1,4,7,2025-08-17 14:08:00
42501,15,13,1,11,4,2025-08-17 14:08:00
6008,2,31,1,0,2,2025-08-17 14:08:00
13109,16,5,1,14,2,2025-08-17 14:08:00
21204,7,24,1,3,4,2025-08-17 14:08:00
42209,11,6,1,7,4,2025-08-17 14:08:00
22206,8,22,1,1,7,2025-08-17 14:08:00
11021,4,19,1,3,1,2025-08-17 14:08:00
21217,1,24,1,0,1,2025-08-17 14:08:00
15030,64,3,1,56,8,2025-08-17 14:08:00
9114,1,29,1,0,1,2025-08-17 14:08:00
16011,2,38,1,0,2,2025-08-17 14:08:00
12007,41,4,1,23,18,2025-08-17 14:08:00
25001,21,11,1,12,9,2025-08-17 14:08:00
35007,6,15,1,3,3,2025-08-17 14:08:00
47001,39,7,1,33,6,2025-08-17 14:08:00
44101,38,1,1,25,13,2025-08-17 14:08:00
13032,4,22,1,0,4,2025-08-17 14:08:00
10165,5,32,1,0,5,2025-08-17 14:08:00
15064,33,11,1,24,9,2025-08-17 14:08:00
14010,25,16,1,8,17,2025-08-17 14:08:00
43001,13,9,1,6,7,2025-08-17 14:08:00
13128,26,4,1,19,7,2025-08-17 14:08:00
8020,6,37,1,4,2,2025-08-17 14:08:00
18003,14,29,1,0,14,2025-08-17 14:08:00
22303,22,5,1,7,15,2025-08-17 14:08:00
40005,24,1,1,14,10,2025-08-17 14:08:00
92001,19,1,1,15,4,2025-08-17 14:08:00
17107,5,32,1,2,3,2025-08-17 14:08:00
15057,17,22,1,17,0,2025-08-17 14:08:00
16002,5,33,1,4,1,2025-08-17 14:08:00
15004,1,20,1,1,0,2025-08-17 14:08:00
23010,4,18,1,1,3,2025-08-17 14:08:00
6027,11,20,1,8,3,2025-08-17 14:08:00
18007,6,13,1,1,5,2025-08-17 14:08:00
19128,12,18,1,7,5,2025-08-17 14:08:00
15005,7,35,1,3,4,2025-08-17 14:08:00
18006,14,21,1,12,2,2025-08-17 14:08:00
21401,19,14,1,0,19,2025-08-17 14:08:00
13044,7,28,1,3,4,2025-08-17 14:08:00
9027,3,22,1,1,2,2025-08-17 14:08:00
17108,18,14,1,7,11,2025-08-17 14:08:00
8037,1,37,1,1,0,2025-08-17 14:08:00
4020,16,5,1,10,6,2025-08-17 14:08:00
15022,34,7,1,20,14,2025-08-17 14:08:00
23004,8,26,1,7,1,2025-08-17 14:08:00
22408,3,17,1,1,2,2025-08-17 14:08:00
5012,9,7,1,4,5,2025-08-17 14:08:00
11017,3,44,1,2,1,2025-08-17 14:08:00
21306,27,32,1,22,5,2025-08-17 14:08:00
43010,0,25,0,0,0,2025-08-17 14:08:00
1021,12,6,1,3,9,2025-08-17 14:08:00
33015,20,10,1,19,1,2025-08-17 14:08:00
7017,11,29,1,4,7,2025-08-17 14:08:00
35006,12,10,1,4,8,2025-08-17 14:08:00
41205,1,19,1,0,1,2025-08-17 14:08:00
22015,19,2,1,11,8,2025-08-17 14:08:00
12018,12,21,1,6,6,2025-08-17 14:08:00
44005,12,9,1,7,5,2025-08-17 14:08:00
17119,1,31,1,0,1,2025-08-17 14:08:00
15011,40,20,1,38,2,2025-08-17 14:08:00
9004,2,18,1,1,1,2025-08-17 14:08:00
51002,10,16,1,5,5,2025-08-17 14:08:00
32601,17,21,1,4,13,2025-08-17 14:08:00
33016,8,13,1,2,6,2025-08-17 14:08:00
12026,49,2,1,41,8,2025-08-17 14:08:00
10162,7,15,1,5,2,2025-08-17 14:08:00
6012,11,7,1,3,8,2025-08-17 14:08:00
13009,7,19,1,1,6,2025-08-17 14:08:00
27005,14,6,1,5,9,2025-08-17 14:08:00
44016,23,3,1,10,13,2025-08-17 14:08:00
15071,23,0,1,14,9,2025-08-17 14:08:00
9024,23,30,1,17,6,2025-08-17 14:08:00
8201,5,24,1,4,1,2025-08-17 14:08:00
15311,14,16,1,14,0,2025-08-17 14:08:00
17111,3,21,1,0,3,2025-08-17 14:08:00
9102,7,18,1,5,2,2025-08-17 14:08:00
9006,3,13,1,1,2,2025-08-17 14:08:00
8116,0,25,0,0,0,2025-08-17 14:08:00
18030,16,21,1,2,14,2025-08-17 14:08:00
92006,20,9,1,6,14,2025-08-17 14:08:00
5024,14,6,1,11,3,2025-08-17 14:08:00
31005,11,34,1,5,6,2025-08-17 14:08:00
21314,13,16,1,11,2,2025-08-17 14:08:00
12038,2,56,1,1,1,2025-08-17 14:08:00
12005,22,17,1,20,2,2025-08-17 14:08:00
13516,14,26,1,13,1,2025-08-17 14:08:00
12155,39,3,1,30,9,2025-08-17 14:08:00
9011,7,13,1,3,4,2025-08-17 14:08:00
9034,22,0,1,21,1,2025-08-17 14:08:00
12028,5,20,1,2,3,2025-08-17 14:08:00
12035,27,19,1,26,1,2025-08-17 14:08:00
10021,3,10,1,2,1,2025-08-17 14:08:00
5115,28,2,1,24,4,2025-08-17 14:08:00
41211,5,28,1,1,4,2025-08-17 14:08:00
44011,1,26,1,0,1,2025-08-17 14:08:00
2108,17,20,1,6,11,2025-08-17 14:08:00
12101,12,13,1,11,1,2025-08-17 14:08:00
21707,6,17,1,2,4,2025-08-17 14:08:00
4019,26,6,1,6,20,2025-08-17 14:08:00
21319,4,20,1,4,0,2025-08-17 14:08:00
5001,25,17,1,24,1,2025-08-17 14:08:00
15129,14,26,1,12,2,2025-08-17 14:08:00
3102,26,35,1,17,9,2025-08-17 14:08:00
51001,23,16,1,10,13,2025-08-17 14:08:00
8027,3,11,1,1,2,2025-08-17 14:08:00
15039,1,11,1,1,0,2025-08-17 14:08:00
21315,5,19,1,0,5,2025-08-17 14:08:00
23102,3,27,1,2,1,2025-08-17 14:08:00
6022,12,9,1,5,7,2025-08-17 14:08:00
15006,4,34,1,1,3,2025-08-17 14:08:00
21402,3,24,1,1,2,2025-08-17 14:08:00
13052,34,10,1,27,7,2025-08-17 14:08:00
41403,18,2,1,12,6,2025-08-17 14:08:00
13018,18,7,1,12,6,2025-08-17 14:08:00
21303,2,29,1,1,1,2025-08-17 14:08:00
33014,5,12,1,4,1,2025-08-17 14:08:00
9007,5,15,1,1,4,2025-08-17 14:08:00
15127,24,12,1,18,6,2025-08-17 14:08:00
15070,28,7,1,26,2,2025-08-17 14:08:00
20105,7,23,1,4,3,2025-08-17 14:08:00
33103,2,22,1,1,1,2025-08-17 14:08:00
14032,9,21,1,8,1,2025-08-17 14:08:00
14011,15,24,1,7,8,2025-08-17 14:08:00
41401,14,12,1,12,2,2025-08-17 14:08:00
6002,13,7,1,8,5,2025-08-17 14:08:00
14031,5,17,1,2,3,2025-08-17 14:08:00
20044,4,24,1,1,3,2025-08-17 14:08:00
16019,2,34,1,2,0,2025-08-17 14:08:00
33012,24,6,1,12,12,2025-08-17 14:08:00
2013,12,5,1,8,4,2025-08-17 14:08:00
17024,5,18,1,0,5,2025-08-17 14:08:00
10019,9,20,1,5,4,2025-08-17 14:08:00
11033,13,18,1,10,3,2025-08-17 14:08:00
41203,1,47,1,0,1,2025-08-17 14:08:00
10033,10,12,1,1,9,2025-08-17 14:08:00
18039,6,14,1,2,4,2025-08-17 14:08:00
20022,1,32,1,0,1,2025-08-17 14:08:00
12036,15,24,1,7,8,2025-08-17 14:08:00
14026,11,34,1,8,3,2025-08-17 14:08:00
10008,12,4,1,12,0,2025-08-17 14:08:00
16012,15,27,1,14,1,2025-08-17 14:08:00
16036,11,49,1,2,9,2025-08-17 14:08:00
42505,22,8,1,19,3,2025-08-17 14:08:00
10032,5,24,1,3,2,2025-08-17 14:08:00
12015,4,30,1,4,0,2025-08-17 14:08:00
48004,1,19,1,0,1,2025-08-17 14:08:00
14001,16,10,1,7,9,2025-08-17 14:08:00
26004,2,20,1,2,0,2025-08-17 14:08:00
18139,5,23,1,1,4,2025-08-17 14:08:00
16042,11,27,1,8,3,2025-08-17 14:08:00
1006,25,7,1,13,12,2025-08-17 14:08:00
15001,39,3,1,17,22,2025-08-17 14:08:00
15008,28,33,1,26,2,2025-08-17 14:08:00
19110,8,22,1,0,8,2025-08-17 14:08:00
22201,7,23,1,1,6,2025-08-17 14:08:00
11112,9,14,1,5,4,2025-08-17 14:08:00
5007,11,24,1,7,4,2025-08-17 14:08:00
16105,3,27,1,3,0,2025-08-17 14:08:00
8117,35,7,1,26,9,2025-08-17 14:08:00
4006,49,3,1,48,1,2025-08-17 14:08:00
18202,7,31,1,4,3,2025-08-17 14:08:00
3008,20,15,1,14,6,2025-08-17 14:08:00
6010,4,11,1,3,1,2025-08-17 14:08:00
5015,19,44,1,17,2,2025-08-17 14:08:00
45002,22,5,1,8,14,2025-08-17 14:08:00
15128,18,18,1,15,3,2025-08-17 14:08:00
44014,3,22,1,1,2,2025-08-17 14:08:00
12037,4,32,1,1,3,2025-08-17 14:08:00
1007,16,0,1,13,3,2025-08-17 14:08:00
21309,32,6,1,26,6,2025-08-17 14:08:00
18004,6,5,1,3,3,2025-08-17 14:08:00
16013,7,28,1,1,6,2025-08-17 14:08:00
7012,5,21,1,4,1,2025-08-17 14:08:00
20008,3,29,1,0,3,2025-08-17 14:08:00
18034,6,26,1,0,6,2025-08-17 14:08:00
12019,8,20,1,2,6,2025-08-17 14:08:00
20104,0,22,1,0,0,2025-08-17 14:08:00
14135,7,32,1,2,5,2025-08-17 14:08:00
8110,3,29,1,2,1,2025-08-17 14:08:00
20024,3,26,1,0,3,2025-08-17 14:08:00
3010,16,1,1,5,11,2025-08-17 14:08:00
12156,4,19,1,2,2,2025-08-17 14:08:00
18140,33,6,1,19,14,2025-08-17 14:08:00
19002,5,36,1,2,3,2025-08-17 14:08:00
9009,6,15,1,3,3,2025-08-17 14:08:00
10034,2,17,1,0,2,2025-08-17 14:08:00
6104,8,48,1,5,3,2025-08-17 14:08:00
16102,12,15,1,9,3,2025-08-17 14:08:00
4021,16,9,1,11,5,2025-08-17 14:08:00
20034,3,20,1,1,2,2025-08-17 14:08:00
13005,32,14,1,30,2,2025-08-17 14:08:00
20001,15,21,1,9,6,2025-08-17 14:08:00
17019,6,13,1,5,1,2025-08-17 14:08:00
19201,6,17,1,2,4,2025-08-17 14:08:00
19010,11,8,1,3,8,2025-08-17 14:08:00
22301,13,9,1,6,7,2025-08-17 14:08:00
15132,6,14,1,3,3,2025-08-17 14:08:00
41405,23,1,1,10,13,2025-08-17 14:08:00
20006,6,6,1,3,3,2025-08-17 14:08:00
10011,5,11,1,3,2,2025-08-17 14:08:00
21953,5,15,1,0,5,2025-08-17 14:08:00
14137,15,14,1,3,12,2025-08-17 14:08:00
14019,5,17,1,3,2,2025-08-17 14:08:00
3011,19,10,1,16,3,2025-08-17 14:08:00
31709,5,17,1,1,4,2025-08-17 14:08:00
8028,13,38,1,0,13,2025-08-17 14:08:00
10027,14,3,1,1,13,2025-08-17 14:08:00
10006,23,4,1,6,17,2025-08-17 14:08:00
22401,3,30,1,1,2,2025-08-17 14:08:00
12002,15,1,1,7,8,2025-08-17 14:08:00
21506,1,21,1,0,1,2025-08-17 14:08:00
4103,22,2,1,12,10,2025-08-17 14:08:00
14103,6,21,1,1,5,2025-08-17 14:08:00
3001,27,24,1,21,6,2025-08-17 14:08:00
9037,2,22,1,1,1,2025-08-17 14:08:00
7021,20,7,1,17,3,2025-08-17 14:08:00
2015,15,17,1,8,7,2025-08-17 14:08:00
21026,11,19,1,8,3,2025-08-17 14:08:00
32013,12,12,1,6,6,2025-08-17 14:08:00
20029,5,18,1,1,4,2025-08-17 14:08:00
2003,27,2,1,24,3,2025-08-17 14:08:00
22503,10,9,1,1,9,2025-08-17 14:08:00
1102,32,5,1,30,2,2025-08-17 14:08:00
13017,7,25,1,3,4,2025-08-17 14:08:00
15111,1,24,1,0,1,2025-08-17 14:08:00
12020,9,36,1,6,3,2025-08-17 14:08:00
2021,12,46,1,12,0,2025-08-17 14:08:00
24006,8,32,1,4,4,2025-08-17 14:08:00
3009,16,3,1,7,9,2025-08-17 14:08:00
14132,10,20,1,4,6,2025-08-17 14:08:00
4014,19,9,1,11,8,2025-08-17 14:08:00
21110,11,24,1,5,6,2025-08-17 14:08:00
2005,13,3,1,8,5,2025-08-17 14:08:00
3012,11,12,1,10,1,2025-08-17 14:08:00
23702,9,11,1,0,9,2025-08-17 14:08:00
14022,2,32,1,1,1,2025-08-17 14:08:00
2002,27,1,1,15,12,2025-08-17 14:08:00
19012,3,25,1,0,3,2025-08-17 14:08:00
31001,6,20,1,3,3,2025-08-17 14:08:00
21507,1,19,1,0,1,2025-08-17 14:08:00
22306,16,4,1,7,9,2025-08-17 14:08:00
14023,10,42,1,2,8,2025-08-17 14:08:00
22502,3,17,1,0,3,2025-08-17 14:08:00
3006,28,4,1,27,1,2025-08-17 14:08:00
4015,42,0,1,31,11,2025-08-17 14:08:00
3003,28,1,1,24,4,2025-08-17 14:08:00
19111,15,23,1,3,12,2025-08-17 14:08:00
9111,5,15,1,1,4,2025-08-17 14:08:00
5122,11,17,1,6,5,2025-08-17 14:08:00
13125,15,39,1,12,3,2025-08-17 14:08:00
8036,6,40,1,3,3,2025-08-17 14:08:00
6031,17,16,1,16,1,2025-08-17 14:08:00
48005,8,15,1,2,6,2025-08-17 14:08:00
14133,9,26,1,5,4,2025-08-17 14:08:00
4012,23,3,1,15,8,2025-08-17 14:08:00
21215,5,28,1,4,1,2025-08-17 14:08:00
41208,17,4,1,12,5,2025-08-17 14:08:00
42704,3,22,1,0,3,2025-08-17 14:08:00
21706,3,40,1,0,3,2025-08-17 14:08:00
1014,20,4,1,12,8,2025-08-17 14:08:00
4017,14,0,1,7,7,2025-08-17 14:08:00
26006,17,13,1,15,2,2025-08-17 14:08:00
42211,10,16,1,6,4,2025-08-17 14:08:00
42026,3,37,1,2,1,2025-08-17 14:08:00
12163,13,29,1,5,8,2025-08-17 14:08:00
3002,12,4,1,10,2,2025-08-17 14:08:00
21509,3,21,1,0,3,2025-08-17 14:08:00
13054,52,25,1,28,24,2025-08-17 14:08:00
1012,20,1,1,15,5,2025-08-17 14:08:00
2004,11,4,1,9,2,2025-08-17 14:08:00
19130,16,10,1,7,9,2025-08-17 14:08:00
35012,2,23,1,0,2,2025-08-17 14:08:00
21505,6,18,1,6,0,2025-08-17 14:08:00
2016,10,8,1,9,1,2025-08-17 14:08:00
4018,25,6,1,13,12,2025-08-17 14:08:00
16044,18,14,1,13,5,2025-08-17 14:08:00
44001,27,2,1,17,10,2025-08-17 14:08:00
4007,34,0,1,29,5,2025-08-17 14:08:00
5004,5,14,1,2,3,2025-08-17 14:08:00
4009,23,4,1,20,3,2025-08-17 14:08:00
10041,6,10,1,0,6,2025-08-17 14:08:00
2012,11,0,1,8,3,2025-08-17 14:08:00
4101,13,8,1,2,11,2025-08-17 14:08:00
33020,16,15,1,12,4,2025-08-17 14:08:00
32019,26,3,1,16,10,2025-08-17 14:08:00
9039,23,4,1,10,13,2025-08-17 14:08:00
22506,13,5,1,3,10,2025-08-17 14:08:00
1025,16,0,1,7,9,2025-08-17 14:08:00
1018,18,1,1,13,5,2025-08-17 14:08:00
2008,7,21,1,5,2,2025-08-17 14:08:00
1026,30,0,1,26,4,2025-08-17 14:08:00
23101,4,21,1,0,4,2025-08-17 14:08:00
18015,13,28,1,4,9,2025-08-17 14:08:00
17106,23,1,1,17,6,2025-08-17 14:08:00
1116,22,5,1,4,18,2025-08-17 14:08:00
32024,6,20,1,4,2,2025-08-17 14:08:00
1017,16,4,1,10,6,2025-08-17 14:08:00
15040,2,34,1,0,2,2025-08-17 14:08:00
23107,3,19,1,1,2,2025-08-17 14:08:00
6201,20,2,1,14,6,2025-08-17 14:08:00
6026,11,55,1,4,7,2025-08-17 14:08:00
22601,11,11,1,4,7,2025-08-17 14:08:00
42018,7,24,1,0,7,2025-08-17 14:08:00
1023,27,5,1,20,7,2025-08-17 14:08:00
48008,28,1,1,1,27,2025-08-17 14:08:00
19202,27,18,1,11,16,2025-08-17 14:08:00
14201,2,27,1,1,1,2025-08-17 14:08:00
5003,4,31,1,1,3,2025-08-17 14:08:00
17021,5,28,1,3,2,2025-08-17 14:08:00
43403,20,19,1,6,14,2025-08-17 14:08:00
12164,7,19,1,0,7,2025-08-17 14:08:00
27001,5,14,0,3,2,2025-08-17 14:08:00
12203,33,9,1,27,6,2025-08-17 14:08:00
3007,23,5,1,21,2,2025-08-17 14:08:00
31020,13,21,1,2,11,2025-08-17 14:08:00
28005,14,13,1,5,9,2025-08-17 14:08:00
35005,10,17,1,3,7,2025-08-17 14:08:00
18112,11,14,1,9,2,2025-08-17 14:08:00
16139,15,15,1,6,9,2025-08-17 14:08:00
6007,9,15,1,3,6,2025-08-17 14:08:00
42028,13,15,1,5,8,2025-08-17 14:08:00
12166,7,17,1,0,7,2025-08-17 14:08:00
22603,1,33,1,0,1,2025-08-17 14:08:00
12113,19,26,1,16,3,2025-08-17 14:08:00
21119,15,9,1,14,1,2025-08-17 14:08:00
16010,10,13,1,6,4,2025-08-17 14:08:00
16201,18,47,1,17,1,2025-08-17 14:08:00
23042,21,9,1,14,7,2025-08-17 14:08:00
42019,41,2,1,40,1,2025-08-17 14:08:00
32020,11,4,1,7,4,2025-08-17 14:08:00
27006,13,9,1,6,7,2025-08-17 14:08:00
1015,32,4,1,24,8,2025-08-17 14:08:00
1008,28,2,1,23,5,2025-08-17 14:08:00
2006,11,13,1,4,7,2025-08-17 14:08:00
9019,5,13,1,0,5,2025-08-17 14:08:00
44004,24,3,1,21,3,2025-08-17 14:08:00
1024,21,0,1,19,2,2025-08-17 14:08:00
19046,25,6,1,10,15,2025-08-17 14:08:00
2102,4,33,1,1,3,2025-08-17 14:08:00
2020,16,4,1,4,12,2025-08-17 14:08:00
10201,5,14,1,1,4,2025-08-17 14:08:00
6029,9,17,1,2,7,2025-08-17 14:08:00
12016,5,30,1,4,1,2025-08-17 14:08:00
23301,20,6,1,19,1,2025-08-17 14:08:00
42210,15,16,1,10,5,2025-08-17 14:08:00
34013,16,11,1,5,11,2025-08-17 14:08:00
44008,30,3,1,22,8,2025-08-17 14:08:00
23104,28,0,1,17,11,2025-08-17 14:08:00
21011,6,17,1,3,3,2025-08-17 14:08:00
20140,6,15,1,1,5,2025-08-17 14:08:00
48012,13,13,1,2,11,2025-08-17 14:08:00
23303,13,17,1,0,13,2025-08-17 14:08:00
20010,7,27,1,4,3,2025-08-17 14:08:00
42022,33,3,1,33,0,2025-08-17 14:08:00
15018,4,52,1,1,3,2025-08-17 14:08:00
26012,12,6,1,6,6,2025-08-17 14:08:00
20048,5,23,1,0,5,2025-08-17 14:08:00
10166,11,0,1,9,2,2025-08-17 14:08:00
45004,32,4,1,8,24,2025-08-17 14:08:00
23202,3,14,1,0,3,2025-08-17 14:08:00
13049,20,2,1,17,3,2025-08-17 14:08:00
6015,12,43,1,4,8,2025-08-17 14:08:00
32605,5,15,1,0,5,2025-08-17 14:08:00
17202,2,17,1,1,1,2025-08-17 14:08:00
8202,1,26,1,1,0,2025-08-17 14:08:00
32011,15,29,1,6,9,2025-08-17 14:08:00
17020,2,25,1,2,0,2025-08-17 14:08:00
12202,34,5,1,29,5,2025-08-17 14:08:00
23206,6,22,1,3,3,2025-08-17 14:08:00
8040,5,25,1,1,4,2025-08-17 14:08:00
10202,6,24,1,2,4,2025-08-17 14:08:00
42030,24,5,1,16,8,2025-08-17 14:08:00
8018,11,34,1,6,5,2025-08-17 14:08:00
20142,7,12,1,1,6,2025-08-17 14:08:00
18010,6,30,1,4,2,2025-08-17 14:08:00
48001,14,10,1,0,14,2025-08-17 14:08:00
51008,9,29,1,0,9,2025-08-17 14:08:00
18135,4,20,1,2,2,2025-08-17 14:08:00
24101,5,18,1,0,5,2025-08-17 14:08:00
34011,6,20,1,0,6,2025-08-17 14:08:00
21329,11,18,1,9,2,2025-08-17 14:08:00
21704,16,8,1,8,8,2025-08-17 14:08:00
19121,2,19,1,1,1,2025-08-17 14:08:00
13015,31,4,1,29,2,2025-08-17 14:08:00
25007,6,18,1,2,4,2025-08-17 14:08:00
19114,10,10,1,5,5,2025-08-17 14:08:00
12123,12,40,1,2,10,2025-08-17 14:08:00
21002,5,15,1,4,1,2025-08-17 14:08:00
13024,6,27,1,1,5,2025-08-17 14:08:00
23041,25,0,1,24,1,2025-08-17 14:08:00
24005,7,24,1,2,5,2025-08-17 14:08:00
31104,23,6,1,7,16,2025-08-17 14:08:00
42024,22,5,1,22,0,2025-08-17 14:08:00
5027,27,13,1,26,1,2025-08-17 14:08:00
15203,11,16,1,5,6,2025-08-17 14:08:00
13116,5,44,1,1,4,2025-08-17 14:08:00
11111,4,12,1,2,2,2025-08-17 14:08:00
48006,2,17,1,0,2,2025-08-17 14:08:00
15012,36,31,1,34,2,2025-08-17 14:08:00
18016,7,27,1,1,6,2025-08-17 14:08:00
19117,14,16,1,5,9,2025-08-17 14:08:00
15053,22,24,1,21,1,2025-08-17 14:08:00
21022,19,6,1,9,10,2025-08-17 14:08:00
20003,7,14,1,4,3,2025-08-17 14:08:00
15041,0,35,1,0,0,2025-08-17 14:08:00
10003,12,5,1,8,4,2025-08-17 14:08:00
11022,12,4,1,5,7,2025-08-17 14:08:00
41103,3,21,1,2,1,2025-08-17 14:08:00
41602,4,27,1,0,4,2025-08-17 14:08:00
13028,10,23,1,8,2,2025-08-17 14:08:00
15069,35,9,1,34,1,2025-08-17 14:08:00
20012,1,16,1,0,1,2025-08-17 14:08:00
14004,2,21,1,1,1,2025-08-17 14:08:00
14027,26,28,1,25,1,2025-08-17 14:08:00
42303,14,6,1,13,1,2025-08-17 14:08:00
48002,6,31,1,0,6,2025-08-17 14:08:00
41605,4,18,1,0,4,2025-08-17 14:08:00
30003,14,16,1,7,7,2025-08-17 14:08:00
35013,9,11,1,3,6,2025-08-17 14:08:00
20020,2,27,1,0,2,2025-08-17 14:08:00
12008,52,2,1,44,8,2025-08-17 14:08:00
12102,20,10,1,16,4,2025-08-17 14:08:00
13120,2,16,1,2,0,2025-08-17 14:08:00
15024,17,6,1,11,6,2025-08-17 14:08:00
12119,14,36,1,2,12,2025-08-17 14:08:00
10009,3,16,1,0,3,2025-08-17 14:08:00
13006,25,15,1,21,4,2025-08-17 14:08:00
23803,3,17,1,0,3,2025-08-17 14:08:00
43007,1,26,1,1,0,2025-08-17 14:08:00
15050,16,5,1,13,3,2025-08-17 14:08:00
16025,50,18,1,46,4,2025-08-17 14:08:00
13036,14,21,1,7,7,2025-08-17 14:08:00
43004,4,21,1,1,3,2025-08-17 14:08:00
14009,11,25,1,5,6,2025-08-17 14:08:00
17117,3,29,1,1,2,2025-08-17 14:08:00
16017,2,14,1,1,1,2025-08-17 14:08:00
18021,3,36,1,1,2,2025-08-17 14:08:00
16116,19,10,1,14,5,2025-08-17 14:08:00
20013,8,36,1,0,8,2025-08-17 14:08:00
5033,13,15,1,8,5,2025-08-17 14:08:00
15045,1,33,1,0,1,2025-08-17 14:08:00
25004,19,5,1,14,5,2025-08-17 14:08:00
12022,11,35,1,6,5,2025-08-17 14:08:00
15027,4,16,1,1,3,2025-08-17 14:08:00
21023,20,5,1,14,6,2025-08-17 14:08:00
31105,16,2,1,14,2,2025-08-17 14:08:00
42205,19,16,1,4,15,2025-08-17 14:08:00
22701,25,5,1,15,10,2025-08-17 14:08:00
17110,4,25,1,0,4,2025-08-17 14:08:00
31701,7,20,1,3,4,2025-08-17 14:08:00
22404,1,24,1,0,1,2025-08-17 14:08:00
20032,4,22,1,0,4,2025-08-17 14:08:00
20014,11,24,1,6,5,2025-08-17 14:08:00
14035,16,33,1,8,8,2025-08-17 14:08:00
30004,23,5,1,5,18,2025-08-17 14:08:00
14005,14,22,1,14,0,2025-08-17 14:08:00
8046,25,7,1,13,12,2025-08-17 14:08:00
20110,7,13,1,0,7,2025-08-17 14:08:00
32306,2,27,1,0,2,2025-08-17 14:08:00
8007,29,1,1,25,4,2025-08-17 14:08:00
21218,1,16,1,1,0,2025-08-17 14:08:00
17006,11,25,1,8,3,2025-08-17 14:08:00
18101,6,15,1,3,3,2025-08-17 14:08:00
6028,30,7,1,19,11,2025-08-17 14:08:00
20005,2,17,1,1,1,2025-08-17 14:08:00
21207,1,28,1,1,0,2025-08-17 14:08:00
28002,0,1,0,0,0,2025-08-17 14:08:00
11016,3,45,1,0,3,2025-08-17 14:08:00
12122,15,36,1,7,8,2025-08-17 14:08:00
15120,11,15,1,10,1,2025-08-17 14:08:00
16033,3,27,1,2,1,2025-08-17 14:08:00
21205,0,25,1,0,0,2025-08-17 14:08:00
16023,20,13,1,14,6,2025-08-17 14:08:00
24007,5,16,1,3,2,2025-08-17 14:08:00
6004,4,40,1,1,3,2025-08-17 14:08:00
15114,1,10,1,0,1,2025-08-17 14:08:00
11029,16,22,1,1,15,2025-08-17 14:08:00
19014,11,5,1,2,9,2025-08-17 14:08:00
15014,3,31,1,3,0,2025-08-17 14:08:00
11028,10,28,1,4,6,2025-08-17 14:08:00
13055,54,4,1,53,1,2025-08-17 14:08:00
22014,12,13,1,10,2,2025-08-17 14:08:00
21027,13,11,1,9,4,2025-08-17 14:08:00
25002,19,1,1,12,7,2025-08-17 14:08:00
15113,2,23,1,1,1,2025-08-17 14:08:00
6005,45,2,1,32,13,2025-08-17 14:08:00
16022,2,17,1,0,2,2025-08-17 14:08:00
20011,5,15,1,1,4,2025-08-17 14:08:00
19001,6,49,1,1,5,2025-08-17 14:08:00
15044,4,29,1,0,4,2025-08-17 14:08:00
13023,9,19,1,5,4,2025-08-17 14:08:00
12040,29,37,1,17,12,2025-08-17 14:08:00
20106,1,26,1,0,1,2025-08-17 14:08:00
6020,23,12,1,19,4,2025-08-17 14:08:00
21007,10,43,1,9,1,2025-08-17 14:08:00
19007,13,17,1,4,9,2025-08-17 14:08:00
21016,7,33,1,3,4,2025-08-17 14:08:00
5105,12,5,1,11,1,2025-08-17 14:08:00
11018,18,19,1,13,5,2025-08-17 14:08:00
19123,5,26,1,2,3,2025-08-17 14:08:00
21107,6,17,1,2,4,2025-08-17 14:08:00
22007,12,24,1,7,5,2025-08-17 14:08:00
12039,24,13,1,15,9,2025-08-17 14:08:00
13037,16,4,1,9,7,2025-08-17 14:08:00
5031,11,43,1,4,7,2025-08-17 14:08:00
12017,9,44,1,7,2,2025-08-17 14:08:00
14025,4,26,1,2,2,2025-08-17 14:08:00
6009,21,15,1,10,11,2025-08-17 14:08:00
42027,4,22,1,0,4,2025-08-17 14:08:00
16104,5,30,1,1,4,2025-08-17 14:08:00
20033,2,44,1,0,2,2025-08-17 14:08:00
30005,29,3,1,10,19,2025-08-17 14:08:00
17050,1,27,1,0,1,2025-08-17 14:08:00
13013,6,13,1,3,3,2025-08-17 14:08:00
8044,4,29,1,2,2,2025-08-17 14:08:00
21510,3,21,1,1,2,2025-08-17 14:08:00
51007,6,22,1,3,3,2025-08-17 14:08:00
17036,2,26,1,0,2,2025-08-17 14:08:00
11040,15,20,1,8,7,2025-08-17 14:08:00
13008,5,47,1,2,3,2025-08-17 14:08:00
11038,13,32,1,8,5,2025-08-17 14:08:00
1201,27,1,1,15,12,2025-08-17 14:08:00
21511,29,17,1,19,10,2025-08-17 14:08:00
21033,14,3,1,9,5,2025-08-17 14:08:00
21112,31,25,1,19,12,2025-08-17 14:08:00
8031,7,42,1,1,6,2025-08-17 14:08:00
22703,11,19,1,6,5,2025-08-17 14:08:00
24010,13,10,1,8,5,2025-08-17 14:08:00
25009,16,4,1,12,4,2025-08-17 14:08:00
41101,17,7,1,11,6,2025-08-17 14:08:00
26010,7,14,1,4,3,2025-08-17 14:08:00
20030,9,32,1,3,6,2025-08-17 14:08:00
16140,18,12,1,17,1,2025-08-17 14:08:00
3201,20,4,1,16,4,2025-08-17 14:08:00
20035,0,26,1,0,0,2025-08-17 14:08:00
23106,0,20,1,0,0,2025-08-17 14:08:00
21508,11,15,1,1,10,2025-08-17 14:08:00
15032,30,27,1,28,2,2025-08-17 14:08:00
20037,2,22,1,0,2,2025-08-17 14:08:00
19045,22,42,1,14,8,2025-08-17 14:08:00
22302,15,21,1,14,1,2025-08-17 14:08:00
13053,16,4,1,13,3,2025-08-17 14:08:00
9029,4,35,1,0,4,2025-08-17 14:08:00
48011,9,11,1,1,8,2025-08-17 14:08:00
10001,4,27,1,4,0,2025-08-17 14:08:00
41212,10,10,1,0,10,2025-08-17 14:08:00
34009,7,22,1,1,6,2025-08-17 14:08:00
41304,31,0,1,25,6,2025-08-17 14:08:00
10151,17,7,1,4,13,2025-08-17 14:08:00
8003,4,42,1,0,4,2025-08-17 14:08:00
7007,30,35,1,14,16,2025-08-17 14:08:00
26011,15,5,1,10,5,2025-08-17 14:08:00
22208,2,18,1,0,2,2025-08-17 14:08:00
22209,6,15,1,3,3,2025-08-17 14:08:00
45005,25,1,1,17,8,2025-08-17 14:08:00
35021,8,23,1,5,3,2025-08-17 14:08:00
18045,4,12,1,0,4,2025-08-17 14:08:00
14110,8,17,1,4,4,2025-08-17 14:08:00
18018,4,15,1,1,3,2025-08-17 14:08:00
10025,13,1,1,0,13,2025-08-17 14:08:00
32305,3,27,1,1,2,2025-08-17 14:08:00
22305,27,8,1,17,10,2025-08-17 14:08:00
21954,4,19,1,1,3,2025-08-17 14:08:00
22507,7,19,1,4,3,2025-08-17 14:08:00
11201,4,12,1,0,4,2025-08-17 14:08:00
22602,19,10,1,3,16,2025-08-17 14:08:00
12106,56,11,1,53,3,2025-08-17 14:08:00
23205,3,20,1,0,3,2025-08-17 14:08:00
32023,29,1,1,15,14,2025-08-17 14:08:00
23201,6,39,1,0,6,2025-08-17 14:08:00
25010,3,26,1,0,3,2025-08-17 14:08:00
12165,24,9,1,15,9,2025-08-17 14:08:00
12001,36,23,1,30,6,2025-08-17 14:08:00
22018,4,31,1,2,2,2025-08-17 14:08:00
21320,6,34,1,5,1,2025-08-17 14:08:00
11001,31,21,1,25,6,2025-08-17 14:08:00
21327,18,13,1,16,2,2025-08-17 14:08:00
23203,3,22,1,0,3,2025-08-17 14:08:00
9035,10,34,1,4,6,2025-08-17 14:08:00
17126,3,28,1,2,1,2025-08-17 14:08:00
34005,26,3,1,15,11,2025-08-17 14:08:00
17127,36,4,1,34,2,2025-08-17 14:08:00
26008,18,16,1,7,11,2025-08-17 14:08:00
26009,16,12,1,12,4,2025-08-17 14:08:00
34008,10,18,1,5,5,2025-08-17 14:08:00
34012,12,14,1,8,4,2025-08-17 14:08:00
23204,3,25,1,2,1,2025-08-17 14:08:00
31301,18,10,1,3,15,2025-08-17 14:08:00
21514,14,10,1,10,4,2025-08-17 14:08:00
31303,21,6,1,8,13,2025-08-17 14:08:00
5107,20,2,1,20,0,2025-08-17 14:08:00
10026,5,50,1,3,2,2025-08-17 14:08:00
17010,12,41,1,10,2,2025-08-17 14:08:00
18023,5,30,1,1,4,2025-08-17 14:08:00
18026,4,30,1,1,3,2025-08-17 14:08:00
18024,5,30,1,2,3,2025-08-17 14:08:00
16006,2,17,1,1,1,2025-08-17 14:08:00
8008,18,14,1,15,3,2025-08-17 14:08:00
13205,2,22,1,1,1,2025-08-17 14:08:00
31202,18,6,1,13,5,2025-08-17 14:08:00
7201,2,16,1,2,0,2025-08-17 14:08:00
31201,14,22,1,3,11,2025-08-17 14:08:00
15013,12,17,1,12,0,2025-08-17 14:08:00
13204,17,22,1,9,8,2025-08-17 14:08:00
13035,4,16,1,1,3,2025-08-17 14:08:00
15062,27,8,1,17,10,2025-08-17 14:08:00
10114,16,44,1,10,6,2025-08-17 14:08:00
18134,7,18,1,3,4,2025-08-17 14:08:00
13203,17,7,1,4,13,2025-08-17 14:08:00
47007,17,1,1,16,1,2025-08-17 14:08:00
13202,16,11,1,13,3,2025-08-17 14:08:00
13051,22,2,1,19,3,2025-08-17 14:08:00
47008,21,0,1,12,9,2025-08-17 14:08:00
21501,4,14,1,2,2,2025-08-17 14:08:00
8038,11,42,1,4,7,2025-08-17 14:08:00
19204,9,10,1,1,8,2025-08-17 14:08:00
22019,0,0,0,0,0,2025-08-17 14:08:00
5201,5,11,1,1,4,2025-08-17 14:08:00
18206,4,34,1,0,4,2025-08-17 14:08:00
18042,13,8,1,5,8,2025-08-17 14:08:00
18044,3,27,1,0,3,2025-08-17 14:08:00
11037,17,21,1,12,5,2025-08-17 14:08:00
18041,9,10,1,0,9,2025-08-17 14:08:00
12157,13,52,1,3,10,2025-08-17 14:08:00
35002,10,21,1,4,6,2025-08-17 14:08:00
7109,36,1,1,29,7,2025-08-17 14:08:00
11102,11,48,1,7,4,2025-08-17 14:08:00
8057,15,18,1,12,3,2025-08-17 14:08:00
8039,9,8,1,8,1,2025-08-17 14:08:00
16103,3,19,1,0,3,2025-08-17 14:08:00
21213,7,18,1,1,6,2025-08-17 14:08:00
3004,12,6,1,7,5,2025-08-17 14:08:00
11014,26,20,1,9,17,2025-08-17 14:08:00
11046,13,6,1,7,6,2025-08-17 14:08:00
11009,12,10,1,12,0,2025-08-17 14:08:00
35001,14,7,1,2,12,2025-08-17 14:08:00
15060,19,2,1,14,5,2025-08-17 14:08:00
11011,8,17,1,6,2,2025-08-17 14:08:00
7023,48,10,1,41,7,2025-08-17 14:08:00
11012,24,9,1,10,14,2025-08-17 14:08:00
15105,11,14,1,8,3,2025-08-17 14:08:00
18205,9,22,1,4,5,2025-08-17 14:08:00
11020,5,43,1,4,1,2025-08-17 14:08:00
7111,23,3,1,20,3,2025-08-17 14:08:00
9025,5,49,1,5,0,2025-08-17 14:08:00
7025,29,4,1,19,10,2025-08-17 14:08:00
4108,25,0,1,22,3,2025-08-17 14:08:00
40007,12,15,1,11,1,2025-08-17 14:08:00
40010,2,19,1,1,1,2025-08-17 14:08:00
40012,5,3,1,1,4,2025-08-17 14:08:00
40013,23,13,1,5,18,2025-08-17 14:08:00
12107,11,10,1,7,4,2025-08-17 14:08:00
40014,12,16,1,5,7,2025-08-17 14:08:00
23011,2,22,1,0,2,2025-08-17 14:08:00
16005,12,13,1,8,4,2025-08-17 14:08:00
12201,23,28,1,7,16,2025-08-17 14:08:00
26005,21,7,1,11,10,2025-08-17 14:08:00
40003,8,10,1,4,4,2025-08-17 14:08:00
23801,5,15,1,2,3,2025-08-17 14:08:00
40004,19,6,1,2,17,2025-08-17 14:08:00
23703,4,14,1,0,4,2025-08-17 14:08:00
40008,4,40,1,1,3,2025-08-17 14:08:00
14021,22,37,1,18,4,2025-08-17 14:08:00
13106,11,12,1,5,6,2025-08-17 14:08:00
40015,9,15,1,3,6,2025-08-17 14:08:00
51005,32,3,1,14,18,2025-08-17 14:08:00
10031,4,32,1,1,3,2025-08-17 14:08:00
32004,17,23,1,1,16,2025-08-17 14:08:00
20137,2,23,1,0,2,2025-08-17 14:08:00
35014,4,22,1,0,4,2025-08-17 14:08:00
31708,4,17,1,0,4,2025-08-17 14:08:00
27004,5,23,1,3,2,2025-08-17 14:08:00
10013,12,44,1,10,2,2025-08-17 14:08:00
15103,39,12,1,37,2,2025-08-17 14:08:00
15026,26,6,1,17,9,2025-08-17 14:08:00
1022,15,22,1,10,5,2025-08-17 14:08:00
41301,11,39,1,2,9,2025-08-17 14:08:00
19203,6,20,1,1,5,2025-08-17 14:08:00
34014,15,17,1,4,11,2025-08-17 14:08:00
21404,4,14,1,0,4,2025-08-17 14:08:00
17123,7,11,1,2,5,2025-08-17 14:08:00
6001,11,5,1,9,2,2025-08-17 14:08:00
1002,16,4,1,9,7,2025-08-17 14:08:00
17038,10,51,1,4,6,2025-08-17 14:08:00
19018,15,41,1,5,10,2025-08-17 14:08:00
8052,11,19,1,2,9,2025-08-17 14:08:00
32001,11,18,1,7,4,2025-08-17 14:08:00
4010,24,3,1,13,11,2025-08-17 14:08:00
13123,42,4,1,26,16,2025-08-17 14:08:00
33019,16,18,1,5,11,2025-08-17 14:08:00
21021,19,21,1,17,2,2025-08-17 14:08:00
40002,16,3,1,8,8,2025-08-17 14:08:00
42004,17,9,1,14,3,2025-08-17 14:08:00
15122,6,20,1,1,5,2025-08-17 14:08:00
22304,10,22,1,8,2,2025-08-17 14:08:00
44018,0,0,0,0,0,2025-08-17 14:08:00
21302,3,22,1,2,1,2025-08-17 14:08:00
12010,13,8,1,11,2,2025-08-17 14:08:00
1003,19,22,1,6,13,2025-08-17 14:08:00
15058,26,19,1,12,14,2025-08-17 14:08:00
15204,22,2,1,19,3,2025-08-17 14:08:00
4104,13,3,1,8,5,2025-08-17 14:08:00
18014,7,6,1,1,6,2025-08-17 14:08:00
32012,5,63,1,2,3,2025-08-17 14:08:00
9104,21,1,1,14,7,2025-08-17 14:08:00
12127,16,32,1,10,6,2025-08-17 14:08:00
18043,9,10,1,1,8,2025-08-17 14:08:00
5202,13,21,1,12,1,2025-08-17 14:08:00
8002,42,3,1,37,5,2025-08-17 14:08:00
12105,38,2,1,23,15,2025-08-17 14:08:00
8203,15,20,1,7,8,2025-08-17 14:08:00
8004,67,1,1,63,4,2025-08-17 14:08:00
15056,20,2,1,18,2,2025-08-17 14:08:00
