stationCode,num_bikes_available,num_docks_available,is_working,num_mechanical_bikes_available,num_ebike_bikes_available,updated_at
16107,9,26,1,8,1,2025-08-17 13:03:00
40001,27,1,1,7,20,2025-08-17 13:03:00
9020,7,14,1,0,7,2025-08-17 13:03:00
14111,13,12,1,6,7,2025-08-17 13:03:00
14014,24,35,1,16,8,2025-08-17 13:03:00
32017,17,4,1,14,3,2025-08-17 13:03:00
11104,2,18,1,1,1,2025-08-17 13:03:00
8026,1,11,1,0,1,2025-08-17 13:03:00
13007,9,9,1,6,3,2025-08-17 13:03:00
6003,11,10,1,4,7,2025-08-17 13:03:00
7002,13,21,1,10,3,2025-08-17 13:03:00
5110,11,12,1,7,4,2025-08-17 13:03:00
6108,5,12,1,4,1,2025-08-17 13:03:00
33006,7,24,1,1,6,2025-08-17 13:03:00
42016,10,16,1,4,6,2025-08-17 13:03:00
40011,19,8,1,15,4,2025-08-17 13:03:00
21010,4,21,1,1,3,2025-08-17 13:03:00
25006,4,18,1,2,2,2025-08-17 13:03:00
30002,27,9,1,3,24,2025-08-17 13:03:00
7003,17,41,1,6,11,2025-08-17 13:03:00
17041,2,35,1,1,1,2025-08-17 13:03:00
5016,4,13,1,2,2,2025-08-17 13:03:00
11025,32,11,1,30,2,2025-08-17 13:03:00
15047,2,50,1,2,0,2025-08-17 13:03:00
17026,3,36,1,1,2,2025-08-17 13:03:00
12109,23,7,1,21,2,2025-08-17 13:03:00
6021,6,14,1,5,1,2025-08-17 13:03:00
15202,9,21,1,1,8,2025-08-17 13:03:00
42208,12,21,1,7,5,2025-08-17 13:03:00
8050,10,35,1,6,4,2025-08-17 13:03:00
13101,9,23,1,8,1,2025-08-17 13:03:00
14108,6,15,1,4,2,2025-08-17 13:03:00
31024,8,30,1,1,7,2025-08-17 13:03:00
2022,10,25,1,2,8,2025-08-17 13:03:00
17044,21,21,1,17,4,2025-08-17 13:03:00
19033,1,41,1,1,0,2025-08-17 13:03:00
17025,11,24,1,10,1,2025-08-17 13:03:00
21326,6,11,1,1,5,2025-08-17 13:03:00
20143,4,39,1,2,2,2025-08-17 13:03:00
43002,8,18,1,4,4,2025-08-17 13:03:00
16138,8,22,1,5,3,2025-08-17 13:03:00
21216,3,22,1,1,2,2025-08-17 13:03:00
15068,10,6,1,3,7,2025-08-17 13:03:00
22207,15,7,1,7,8,2025-08-17 13:03:00
92002,7,16,1,0,7,2025-08-17 13:03:00
31028,13,12,1,8,5,2025-08-17 13:03:00
17048,2,26,1,0,2,2025-08-17 13:03:00
44017,25,3,1,14,11,2025-08-17 13:03:00
44010,24,6,1,7,17,2025-08-17 13:03:00
16118,8,17,1,6,2,2025-08-17 13:03:00
2017,12,28,1,8,4,2025-08-17 13:03:00
9008,5,12,1,0,5,2025-08-17 13:03:00
8103,5,31,1,3,2,2025-08-17 13:03:00
8048,4,17,1,2,2,2025-08-17 13:03:00
14013,2,24,1,1,1,2025-08-17 13:03:00
13118,43,20,1,41,2,2025-08-17 13:03:00
15112,1,23,1,0,1,2025-08-17 13:03:00
13030,3,17,1,2,1,2025-08-17 13:03:00
40016,14,8,1,4,10,2025-08-17 13:03:00
18111,6,19,1,0,6,2025-08-17 13:03:00
9002,2,12,1,0,2,2025-08-17 13:03:00
48003,20,2,1,1,19,2025-08-17 13:03:00
16110,15,6,1,13,2,2025-08-17 13:03:00
44015,19,1,1,10,9,2025-08-17 13:03:00
43009,12,37,1,3,9,2025-08-17 13:03:00
9001,6,11,1,2,4,2025-08-17 13:03:00
17032,8,13,1,7,1,2025-08-17 13:03:00
8016,23,6,1,22,1,2025-08-17 13:03:00
10115,3,24,1,0,3,2025-08-17 13:03:00
10029,4,19,1,2,2,2025-08-17 13:03:00
10161,5,23,1,2,3,2025-08-17 13:03:00
41303,25,7,1,10,15,2025-08-17 13:03:00
12031,35,0,1,33,2,2025-08-17 13:03:00
1001,0,16,1,0,0,2025-08-17 13:03:00
5022,8,11,1,2,6,2025-08-17 13:03:00
21328,8,20,1,0,8,2025-08-17 13:03:00
13104,17,9,1,16,1,2025-08-17 13:03:00
9038,1,25,1,0,1,2025-08-17 13:03:00
8009,27,0,1,20,7,2025-08-17 13:03:00
31103,26,8,1,14,12,2025-08-17 13:03:00
17008,9,14,1,2,7,2025-08-17 13:03:00
7018,8,11,1,4,4,2025-08-17 13:03:00
5005,4,20,1,0,4,2025-08-17 13:03:00
21323,25,3,1,25,0,2025-08-17 13:03:00
8053,12,17,1,11,1,2025-08-17 13:03:00
9014,7,27,1,5,2,2025-08-17 13:03:00
9106,7,21,1,4,3,2025-08-17 13:03:00
19105,7,10,1,0,7,2025-08-17 13:03:00
31706,6,20,1,0,6,2025-08-17 13:03:00
22409,3,13,1,1,2,2025-08-17 13:03:00
19015,12,12,1,6,6,2025-08-17 13:03:00
9022,7,26,1,6,1,2025-08-17 13:03:00
17004,9,31,1,4,5,2025-08-17 13:03:00
19003,8,16,1,3,5,2025-08-17 13:03:00
26003,4,12,1,2,2,2025-08-17 13:03:00
12151,50,7,1,11,39,2025-08-17 13:03:00
5020,31,9,1,20,11,2025-08-17 13:03:00
92007,18,4,1,0,18,2025-08-17 13:03:00
16026,11,12,1,9,2,2025-08-17 13:03:00
9028,3,14,1,3,0,2025-08-17 13:03:00
10107,15,30,1,6,9,2025-08-17 13:03:00
26002,12,28,1,7,5,2025-08-17 13:03:00
17043,5,34,1,4,1,2025-08-17 13:03:00
19026,3,12,1,0,3,2025-08-17 13:03:00
16039,6,42,1,5,1,2025-08-17 13:03:00
11023,4,42,1,2,2,2025-08-17 13:03:00
45003,14,22,1,3,11,2025-08-17 13:03:00
11002,15,7,1,11,4,2025-08-17 13:03:00
12111,7,38,1,3,4,2025-08-17 13:03:00
8034,8,27,1,3,5,2025-08-17 13:03:00
11047,20,10,1,19,1,2025-08-17 13:03:00
19043,11,41,1,4,7,2025-08-17 13:03:00
5032,6,33,1,2,4,2025-08-17 13:03:00
18107,16,18,1,11,5,2025-08-17 13:03:00
20042,2,37,1,0,2,2025-08-17 13:03:00
15067,9,3,1,3,6,2025-08-17 13:03:00
16108,6,32,1,3,3,2025-08-17 13:03:00
17030,3,20,1,2,1,2025-08-17 13:03:00
6006,10,8,1,9,1,2025-08-17 13:03:00
11027,8,29,1,5,3,2025-08-17 13:03:00
12128,2,32,1,0,2,2025-08-17 13:03:00
8010,0,17,1,0,0,2025-08-17 13:03:00
31022,20,32,1,1,19,2025-08-17 13:03:00
46002,30,3,1,7,23,2025-08-17 13:03:00
10016,5,12,1,3,2,2025-08-17 13:03:00
31009,4,22,1,0,4,2025-08-17 13:03:00
41302,25,24,1,1,24,2025-08-17 13:03:00
14020,6,51,1,5,1,2025-08-17 13:03:00
33017,21,5,1,2,19,2025-08-17 13:03:00
15042,15,1,1,15,0,2025-08-17 13:03:00
18011,18,21,1,4,14,2025-08-17 13:03:00
33102,11,6,1,3,8,2025-08-17 13:03:00
42706,7,18,1,2,5,2025-08-17 13:03:00
21212,4,18,1,2,2,2025-08-17 13:03:00
44006,28,7,1,6,22,2025-08-17 13:03:00
19120,3,24,1,0,3,2025-08-17 13:03:00
11113,23,34,1,17,6,2025-08-17 13:03:00
15104,28,36,1,25,3,2025-08-17 13:03:00
14003,38,11,1,17,21,2025-08-17 13:03:00
43008,8,17,1,7,1,2025-08-17 13:03:00
5018,28,8,1,15,13,2025-08-17 13:03:00
19101,3,21,1,0,3,2025-08-17 13:03:00
17204,15,16,1,11,4,2025-08-17 13:03:00
4016,56,1,1,36,20,2025-08-17 13:03:00
14138,5,27,1,0,5,2025-08-17 13:03:00
12114,4,23,1,1,3,2025-08-17 13:03:00
32308,0,1,0,0,0,2025-08-17 13:03:00
41209,4,11,1,2,2,2025-08-17 13:03:00
21312,2,28,1,1,1,2025-08-17 13:03:00
14008,7,21,1,5,2,2025-08-17 13:03:00
13001,9,9,1,7,2,2025-08-17 13:03:00
8017,5,60,1,0,5,2025-08-17 13:03:00
15054,13,6,1,10,3,2025-08-17 13:03:00
15106,21,14,1,13,8,2025-08-17 13:03:00
5124,3,21,1,1,2,2025-08-17 13:03:00
14106,4,17,1,4,0,2025-08-17 13:03:00
18046,16,17,1,4,12,2025-08-17 13:03:00
22406,14,9,1,4,10,2025-08-17 13:03:00
31102,3,17,1,2,1,2025-08-17 13:03:00
2111,25,4,1,16,9,2025-08-17 13:03:00
18022,11,26,1,6,5,2025-08-17 13:03:00
8054,0,32,1,0,0,2025-08-17 13:03:00
15109,18,10,1,16,2,2025-08-17 13:03:00
21209,3,27,1,1,2,2025-08-17 13:03:00
14012,6,31,1,4,2,2025-08-17 13:03:00
21005,13,13,1,8,5,2025-08-17 13:03:00
10042,12,18,1,10,2,2025-08-17 13:03:00
19103,4,15,1,2,2,2025-08-17 13:03:00
17203,9,18,1,4,5,2025-08-17 13:03:00
42014,26,6,1,24,2,2025-08-17 13:03:00
8045,34,23,1,18,16,2025-08-17 13:03:00
14124,8,14,1,3,5,2025-08-17 13:03:00
15133,8,18,1,5,3,2025-08-17 13:03:00
15110,18,6,1,16,2,2025-08-17 13:03:00
21006,12,15,1,7,5,2025-08-17 13:03:00
4201,0,1,0,0,0,2025-08-17 13:03:00
44013,3,27,1,0,3,2025-08-17 13:03:00
20131,17,16,1,7,10,2025-08-17 13:03:00
19210,0,29,0,0,0,2025-08-17 13:03:00
21015,7,16,1,6,1,2025-08-17 13:03:00
44003,15,5,1,12,3,2025-08-17 13:03:00
15034,37,16,1,30,7,2025-08-17 13:03:00
5028,18,8,1,15,3,2025-08-17 13:03:00
48010,7,9,1,2,5,2025-08-17 13:03:00
22203,12,16,1,2,10,2025-08-17 13:03:00
41202,5,56,1,1,4,2025-08-17 13:03:00
42021,14,15,1,7,7,2025-08-17 13:03:00
1119,16,7,1,12,4,2025-08-17 13:03:00
35020,5,15,1,0,5,2025-08-17 13:03:00
25003,10,13,1,1,9,2025-08-17 13:03:00
20115,7,12,1,6,1,2025-08-17 13:03:00
31003,8,22,1,3,5,2025-08-17 13:03:00
22402,2,36,1,1,1,2025-08-17 13:03:00
9116,13,10,1,5,8,2025-08-17 13:03:00
6025,5,26,1,2,3,2025-08-17 13:03:00
11030,7,17,1,6,1,2025-08-17 13:03:00
1020,37,2,1,27,10,2025-08-17 13:03:00
11039,26,10,1,16,10,2025-08-17 13:03:00
17013,2,21,1,2,0,2025-08-17 13:03:00
11026,10,35,1,1,9,2025-08-17 13:03:00
32604,12,38,1,12,0,2025-08-17 13:03:00
19024,0,20,1,0,0,2025-08-17 13:03:00
41601,3,22,1,1,2,2025-08-17 13:03:00
23006,6,15,1,3,3,2025-08-17 13:03:00
15021,28,36,1,20,8,2025-08-17 13:03:00
17105,6,36,1,1,5,2025-08-17 13:03:00
9010,2,21,1,1,1,2025-08-17 13:03:00
18028,4,29,1,1,3,2025-08-17 13:03:00
18009,8,14,1,2,6,2025-08-17 13:03:00
11105,7,18,1,3,4,2025-08-17 13:03:00
17125,3,28,1,1,2,2025-08-17 13:03:00
43005,26,24,1,5,21,2025-08-17 13:03:00
16136,18,12,1,13,5,2025-08-17 13:03:00
19032,14,33,1,3,11,2025-08-17 13:03:00
21701,5,23,1,0,5,2025-08-17 13:03:00
16008,11,21,1,6,5,2025-08-17 13:03:00
22003,1,24,1,0,1,2025-08-17 13:03:00
11024,18,29,1,16,2,2025-08-17 13:03:00
19022,4,22,1,0,4,2025-08-17 13:03:00
13050,40,16,1,34,6,2025-08-17 13:03:00
21008,15,18,1,14,1,2025-08-17 13:03:00
20134,0,20,1,0,0,2025-08-17 13:03:00
24001,7,21,1,2,5,2025-08-17 13:03:00
22016,1,25,1,0,1,2025-08-17 13:03:00
14136,2,38,1,0,2,2025-08-17 13:03:00
32302,6,14,1,1,5,2025-08-17 13:03:00
10014,15,38,1,5,10,2025-08-17 13:03:00
11035,5,47,1,2,3,2025-08-17 13:03:00
42010,35,17,1,32,3,2025-08-17 13:03:00
15046,3,26,1,1,2,2025-08-17 13:03:00
46001,15,3,1,11,4,2025-08-17 13:03:00
16040,22,11,1,19,3,2025-08-17 13:03:00
22006,4,23,1,4,0,2025-08-17 13:03:00
17028,8,28,1,8,0,2025-08-17 13:03:00
21301,6,28,1,3,3,2025-08-17 13:03:00
42302,17,3,1,5,12,2025-08-17 13:03:00
19029,8,11,1,2,6,2025-08-17 13:03:00
9032,16,20,1,0,16,2025-08-17 13:03:00
19016,4,27,1,1,3,2025-08-17 13:03:00
32003,11,17,1,4,7,2025-08-17 13:03:00
21104,7,15,1,4,3,2025-08-17 13:03:00
11042,8,40,1,3,5,2025-08-17 13:03:00
32026,18,8,1,15,3,2025-08-17 13:03:00
9005,5,27,1,3,2,2025-08-17 13:03:00
1013,28,39,1,14,14,2025-08-17 13:03:00
8025,2,33,1,1,1,2025-08-17 13:03:00
7102,5,43,1,4,1,2025-08-17 13:03:00
13002,5,22,1,2,3,2025-08-17 13:03:00
12204,30,2,1,22,8,2025-08-17 13:03:00
20121,1,17,1,0,1,2025-08-17 13:03:00
19013,7,26,1,2,5,2025-08-17 13:03:00
42301,18,8,1,4,14,2025-08-17 13:03:00
43003,11,15,1,7,4,2025-08-17 13:03:00
42504,3,27,1,0,3,2025-08-17 13:03:00
26013,9,17,1,8,1,2025-08-17 13:03:00
20111,3,16,1,0,3,2025-08-17 13:03:00
20043,1,26,1,0,1,2025-08-17 13:03:00
42015,9,16,1,0,9,2025-08-17 13:03:00
32016,8,31,1,3,5,2025-08-17 13:03:00
15201,2,36,1,0,2,2025-08-17 13:03:00
31010,5,37,1,3,2,2025-08-17 13:03:00
11004,13,20,1,10,3,2025-08-17 13:03:00
18201,5,28,1,3,2,2025-08-17 13:03:00
92008,29,9,1,9,20,2025-08-17 13:03:00
41402,21,4,1,19,2,2025-08-17 13:03:00
51004,20,9,1,9,11,2025-08-17 13:03:00
18012,1,35,1,0,1,2025-08-17 13:03:00
19125,12,18,1,8,4,2025-08-17 13:03:00
14036,20,25,1,19,1,2025-08-17 13:03:00
12009,4,13,1,2,2,2025-08-17 13:03:00
19205,10,12,1,1,9,2025-08-17 13:03:00
5123,20,7,1,18,2,2025-08-17 13:03:00
11036,16,42,1,8,8,2025-08-17 13:03:00
31203,0,0,0,0,0,2025-08-17 13:03:00
19008,11,15,1,9,2,2025-08-17 13:03:00
9021,4,18,1,2,2,2025-08-17 13:03:00
23009,4,46,1,1,3,2025-08-17 13:03:00
12027,15,1,1,13,2,2025-08-17 13:03:00
42029,21,6,1,1,20,2025-08-17 13:03:00
8035,12,23,1,7,5,2025-08-17 13:03:00
21313,21,4,1,21,0,2025-08-17 13:03:00
17102,9,19,1,7,2,2025-08-17 13:03:00
28001,23,6,1,7,16,2025-08-17 13:03:00
26007,17,3,1,6,11,2025-08-17 13:03:00
11007,47,16,1,44,3,2025-08-17 13:03:00
15025,39,8,1,34,5,2025-08-17 13:03:00
35018,14,9,1,7,7,2025-08-17 13:03:00
18110,8,11,1,3,5,2025-08-17 13:03:00
19005,3,18,1,2,1,2025-08-17 13:03:00
10113,4,37,1,0,4,2025-08-17 13:03:00
41606,2,17,1,1,1,2025-08-17 13:03:00
17011,54,2,1,47,7,2025-08-17 13:03:00
17045,28,17,1,24,4,2025-08-17 13:03:00
43402,38,2,1,31,7,2025-08-17 13:03:00
33018,18,12,1,13,5,2025-08-17 13:03:00
12013,4,11,1,1,3,2025-08-17 13:03:00
11115,5,18,1,2,3,2025-08-17 13:03:00
16111,10,22,1,9,1,2025-08-17 13:03:00
7015,16,31,1,8,8,2025-08-17 13:03:00
5021,19,19,1,17,2,2025-08-17 13:03:00
6013,3,24,1,0,3,2025-08-17 13:03:00
12115,4,27,1,3,1,2025-08-17 13:03:00
21305,6,19,1,4,2,2025-08-17 13:03:00
18204,3,49,1,3,0,2025-08-17 13:03:00
8033,17,25,1,6,11,2025-08-17 13:03:00
16121,30,2,1,9,21,2025-08-17 13:03:00
23001,9,29,1,6,3,2025-08-17 13:03:00
15010,10,21,1,8,2,2025-08-17 13:03:00
41102,21,21,1,4,17,2025-08-17 13:03:00
17037,6,16,1,4,2,2025-08-17 13:03:00
18141,8,9,1,6,2,2025-08-17 13:03:00
5106,0,19,0,0,0,2025-08-17 13:03:00
16124,20,46,1,14,6,2025-08-17 13:03:00
33003,10,38,1,3,7,2025-08-17 13:03:00
33009,29,4,1,16,13,2025-08-17 13:03:00
25005,1,24,1,1,0,2025-08-17 13:03:00
22505,9,13,1,4,5,2025-08-17 13:03:00
13045,16,20,1,4,12,2025-08-17 13:03:00
19115,6,20,1,1,5,2025-08-17 13:03:00
14034,5,18,1,1,4,2025-08-17 13:03:00
32010,11,28,1,5,6,2025-08-17 13:03:00
16018,5,13,1,5,0,2025-08-17 13:03:00
12034,46,2,1,39,7,2025-08-17 13:03:00
15033,4,26,1,2,2,2025-08-17 13:03:00
25008,7,11,1,1,6,2025-08-17 13:03:00
19044,6,44,1,2,4,2025-08-17 13:03:00
24002,10,23,1,2,8,2025-08-17 13:03:00
33001,11,23,1,7,4,2025-08-17 13:03:00
16034,7,26,1,3,4,2025-08-17 13:03:00
41404,23,2,1,13,10,2025-08-17 13:03:00
7009,5,71,1,0,5,2025-08-17 13:03:00
20132,7,19,1,2,5,2025-08-17 13:03:00
42707,12,11,1,0,12,2025-08-17 13:03:00
92003,23,2,1,17,6,2025-08-17 13:03:00
5119,23,17,1,17,6,2025-08-17 13:03:00
35009,6,16,1,1,5,2025-08-17 13:03:00
8055,4,27,1,1,3,2025-08-17 13:03:00
27002,20,10,1,11,9,2025-08-17 13:03:00
21109,26,2,1,13,13,2025-08-17 13:03:00
23701,15,9,1,3,12,2025-08-17 13:03:00
17007,15,39,1,11,4,2025-08-17 13:03:00
21502,3,23,1,2,1,2025-08-17 13:03:00
31012,6,19,1,2,4,2025-08-17 13:03:00
12024,28,7,1,22,6,2025-08-17 13:03:00
16129,0,41,1,0,0,2025-08-17 13:03:00
35019,14,12,1,1,13,2025-08-17 13:03:00
14104,4,19,1,0,4,2025-08-17 13:03:00
20113,4,17,1,2,2,2025-08-17 13:03:00
20119,2,22,1,0,2,2025-08-17 13:03:00
31705,20,30,1,4,16,2025-08-17 13:03:00
6030,9,26,1,5,4,2025-08-17 13:03:00
23802,2,21,1,0,2,2025-08-17 13:03:00
12126,14,37,1,6,8,2025-08-17 13:03:00
20036,2,30,1,0,2,2025-08-17 13:03:00
19019,12,10,1,7,5,2025-08-17 13:03:00
41604,5,25,1,2,3,2025-08-17 13:03:00
15017,4,19,1,2,2,2025-08-17 13:03:00
15029,43,8,1,38,5,2025-08-17 13:03:00
17018,7,10,1,1,6,2025-08-17 13:03:00
18005,13,4,1,1,12,2025-08-17 13:03:00
10005,9,6,1,9,0,2025-08-17 13:03:00
26001,15,8,1,11,4,2025-08-17 13:03:00
18020,2,18,1,0,2,2025-08-17 13:03:00
20136,3,24,1,1,2,2025-08-17 13:03:00
5026,36,12,1,35,1,2025-08-17 13:03:00
43006,22,7,1,14,8,2025-08-17 13:03:00
5002,26,8,1,23,3,2025-08-17 13:03:00
15028,48,21,1,38,10,2025-08-17 13:03:00
8102,6,19,1,0,6,2025-08-17 13:03:00
14018,11,35,1,2,9,2025-08-17 13:03:00
31702,2,14,1,1,1,2025-08-17 13:03:00
7004,9,9,1,7,2,2025-08-17 13:03:00
21013,8,13,1,7,1,2025-08-17 13:03:00
42503,3,27,1,1,2,2025-08-17 13:03:00
21111,11,38,1,8,3,2025-08-17 13:03:00
2010,10,19,1,4,6,2025-08-17 13:03:00
11114,27,5,1,24,3,2025-08-17 13:03:00
5116,37,14,1,26,11,2025-08-17 13:03:00
7006,5,23,1,3,2,2025-08-17 13:03:00
7014,7,34,1,6,1,2025-08-17 13:03:00
8012,2,45,1,0,2,2025-08-17 13:03:00
92004,0,20,0,0,0,2025-08-17 13:03:00
20040,0,26,1,0,0,2025-08-17 13:03:00
17017,1,32,1,1,0,2025-08-17 13:03:00
34002,10,17,1,8,2,2025-08-17 13:03:00
13026,4,30,1,2,2,2025-08-17 13:03:00
23002,1,48,1,0,1,2025-08-17 13:03:00
14139,6,24,1,2,4,2025-08-17 13:03:00
13102,28,23,1,19,9,2025-08-17 13:03:00
11101,32,16,1,29,3,2025-08-17 13:03:00
15055,16,38,1,13,3,2025-08-17 13:03:00
14130,7,23,1,2,5,2025-08-17 13:03:00
10015,14,29,1,10,4,2025-08-17 13:03:00
41207,12,16,1,3,9,2025-08-17 13:03:00
10023,0,14,0,0,0,2025-08-17 13:03:00
12011,34,1,1,31,3,2025-08-17 13:03:00
21308,36,22,1,34,2,2025-08-17 13:03:00
12032,27,9,1,16,11,2025-08-17 13:03:00
19037,16,13,1,4,12,2025-08-17 13:03:00
6103,17,38,1,12,5,2025-08-17 13:03:00
15038,11,52,1,2,9,2025-08-17 13:03:00
21032,13,14,1,13,0,2025-08-17 13:03:00
20021,2,36,1,0,2,2025-08-17 13:03:00
7005,9,43,1,3,6,2025-08-17 13:03:00
6018,9,8,1,1,8,2025-08-17 13:03:00
21019,4,24,1,1,3,2025-08-17 13:03:00
21105,16,9,1,9,7,2025-08-17 13:03:00
27008,5,20,1,1,4,2025-08-17 13:03:00
19109,1,18,1,0,1,2025-08-17 13:03:00
31019,3,35,1,1,2,2025-08-17 13:03:00
32014,24,9,1,16,8,2025-08-17 13:03:00
18032,29,26,1,22,7,2025-08-17 13:03:00
17124,8,18,1,3,5,2025-08-17 13:03:00
44012,3,16,1,0,3,2025-08-17 13:03:00
17027,3,41,1,2,1,2025-08-17 13:03:00
31016,4,32,1,1,3,2025-08-17 13:03:00
51003,5,25,1,4,1,2025-08-17 13:03:00
22101,9,22,1,2,7,2025-08-17 13:03:00
13016,30,4,1,23,7,2025-08-17 13:03:00
13043,31,20,1,27,4,2025-08-17 13:03:00
2009,23,34,1,16,7,2025-08-17 13:03:00
44102,5,21,1,2,3,2025-08-17 13:03:00
9115,0,22,1,0,0,2025-08-17 13:03:00
19039,2,22,1,0,2,2025-08-17 13:03:00
16032,10,11,1,4,6,2025-08-17 13:03:00
21003,14,24,1,11,3,2025-08-17 13:03:00
22001,14,9,1,11,3,2025-08-17 13:03:00
18025,22,16,1,11,11,2025-08-17 13:03:00
17122,2,27,1,0,2,2025-08-17 13:03:00
20027,0,15,1,0,0,2025-08-17 13:03:00
9023,10,23,1,8,2,2025-08-17 13:03:00
14122,7,12,1,4,3,2025-08-17 13:03:00
16123,23,3,1,8,15,2025-08-17 13:03:00
8051,1,14,1,0,1,2025-08-17 13:03:00
31007,12,36,1,3,9,2025-08-17 13:03:00
15108,11,11,1,8,3,2025-08-17 13:03:00
19040,19,22,1,1,18,2025-08-17 13:03:00
17047,5,21,1,4,1,2025-08-17 13:03:00
6016,7,14,1,6,1,2025-08-17 13:03:00
41204,6,13,1,1,5,2025-08-17 13:03:00
17046,8,17,1,4,4,2025-08-17 13:03:00
17121,5,15,1,2,3,2025-08-17 13:03:00
19009,10,19,1,4,6,2025-08-17 13:03:00
18109,7,39,1,1,6,2025-08-17 13:03:00
19038,4,16,1,1,3,2025-08-17 13:03:00
18029,11,28,1,2,9,2025-08-17 13:03:00
21703,3,19,1,0,3,2025-08-17 13:03:00
35017,6,12,1,4,2,2025-08-17 13:03:00
20118,4,20,1,2,2,2025-08-17 13:03:00
16021,5,18,1,4,1,2025-08-17 13:03:00
9031,23,2,1,11,12,2025-08-17 13:03:00
9117,3,27,1,1,2,2025-08-17 13:03:00
20023,1,13,1,0,1,2025-08-17 13:03:00
14002,22,22,1,9,13,2025-08-17 13:03:00
15035,17,26,1,15,2,2025-08-17 13:03:00
18049,13,41,1,3,10,2025-08-17 13:03:00
10020,4,6,1,2,2,2025-08-17 13:03:00
18113,8,16,1,0,8,2025-08-17 13:03:00
34010,8,39,1,1,7,2025-08-17 13:03:00
11041,15,27,1,4,11,2025-08-17 13:03:00
31703,3,23,1,0,3,2025-08-17 13:03:00
35003,9,15,1,2,7,2025-08-17 13:03:00
15031,38,15,1,36,2,2025-08-17 13:03:00
21014,8,14,1,4,4,2025-08-17 13:03:00
5121,18,15,1,9,9,2025-08-17 13:03:00
11006,27,9,1,22,5,2025-08-17 13:03:00
47005,33,3,1,29,4,2025-08-17 13:03:00
19127,4,19,1,0,4,2025-08-17 13:03:00
16015,5,10,1,3,2,2025-08-17 13:03:00
17040,11,37,1,11,0,2025-08-17 13:03:00
1120,17,10,1,5,12,2025-08-17 13:03:00
14112,2,13,1,0,2,2025-08-17 13:03:00
47004,18,1,1,5,13,2025-08-17 13:03:00
9026,5,12,1,0,5,2025-08-17 13:03:00
21001,14,13,1,8,6,2025-08-17 13:03:00
18033,2,32,1,0,2,2025-08-17 13:03:00
11010,3,39,1,0,3,2025-08-17 13:03:00
16122,6,43,1,1,5,2025-08-17 13:03:00
15002,9,7,1,7,2,2025-08-17 13:03:00
21310,15,7,1,14,1,2025-08-17 13:03:00
23007,16,11,1,12,4,2025-08-17 13:03:00
20016,5,28,1,0,5,2025-08-17 13:03:00
32015,18,21,1,13,5,2025-08-17 13:03:00
10010,2,30,1,2,0,2025-08-17 13:03:00
16043,4,10,1,0,4,2025-08-17 13:03:00
16027,4,58,1,2,2,2025-08-17 13:03:00
20116,10,12,1,4,6,2025-08-17 13:03:00
6107,8,15,1,6,2,2025-08-17 13:03:00
16029,28,19,1,22,6,2025-08-17 13:03:00
8019,5,20,1,1,4,2025-08-17 13:03:00
9017,12,17,1,1,11,2025-08-17 13:03:00
18008,1,31,1,0,1,2025-08-17 13:03:00
7008,6,10,1,1,5,2025-08-17 13:03:00
16112,18,19,1,8,10,2025-08-17 13:03:00
42703,6,39,1,0,6,2025-08-17 13:03:00
14030,10,21,1,4,6,2025-08-17 13:03:00
20201,10,10,1,3,7,2025-08-17 13:03:00
13046,35,9,1,26,9,2025-08-17 13:03:00
22102,3,20,1,2,1,2025-08-17 13:03:00
15003,28,37,1,5,23,2025-08-17 13:03:00
4110,20,0,1,14,6,2025-08-17 13:03:00
6032,8,18,1,2,6,2025-08-17 13:03:00
17022,16,30,1,10,6,2025-08-17 13:03:00
7020,17,23,1,10,7,2025-08-17 13:03:00
10036,5,19,1,4,1,2025-08-17 13:03:00
23304,16,16,1,2,14,2025-08-17 13:03:00
6017,5,27,1,4,1,2025-08-17 13:03:00
12161,15,28,1,13,2,2025-08-17 13:03:00
15107,20,1,1,17,3,2025-08-17 13:03:00
9101,1,18,1,1,0,2025-08-17 13:03:00
18017,9,34,1,6,3,2025-08-17 13:03:00
19041,5,37,1,0,5,2025-08-17 13:03:00
11043,17,4,1,15,2,2025-08-17 13:03:00
1117,21,4,1,14,7,2025-08-17 13:03:00
13103,5,45,1,1,4,2025-08-17 13:03:00
15059,0,49,0,0,0,2025-08-17 13:03:00
13010,14,26,1,1,13,2025-08-17 13:03:00
31704,1,28,1,0,1,2025-08-17 13:03:00
32603,0,32,1,0,0,2025-08-17 13:03:00
17201,14,37,1,14,0,2025-08-17 13:03:00
23403,20,1,1,4,16,2025-08-17 13:03:00
23903,12,18,1,11,1,2025-08-17 13:03:00
4013,15,12,1,8,7,2025-08-17 13:03:00
45001,17,4,1,11,6,2025-08-17 13:03:00
31023,6,27,1,1,5,2025-08-17 13:03:00
9118,2,34,1,1,1,2025-08-17 13:03:00
21024,3,19,1,3,0,2025-08-17 13:03:00
10163,17,12,1,4,13,2025-08-17 13:03:00
2001,12,14,1,7,5,2025-08-17 13:03:00
19023,5,18,1,3,2,2025-08-17 13:03:00
20019,3,28,1,0,3,2025-08-17 13:03:00
18137,6,22,1,5,1,2025-08-17 13:03:00
7101,17,32,1,14,3,2025-08-17 13:03:00
18138,4,16,1,2,2,2025-08-17 13:03:00
17116,13,13,1,12,1,2025-08-17 13:03:00
13041,6,44,1,0,6,2025-08-17 13:03:00
7016,20,37,1,19,1,2025-08-17 13:03:00
4011,33,1,1,25,8,2025-08-17 13:03:00
12041,22,38,1,16,6,2025-08-17 13:03:00
12108,46,19,1,28,18,2025-08-17 13:03:00
14006,10,13,1,2,8,2025-08-17 13:03:00
7013,6,36,1,4,2,2025-08-17 13:03:00
8056,9,20,1,1,8,2025-08-17 13:03:00
21311,41,13,1,33,8,2025-08-17 13:03:00
10207,0,1,0,0,0,2025-08-17 13:03:00
21114,10,20,1,4,6,2025-08-17 13:03:00
31013,12,30,1,0,12,2025-08-17 13:03:00
32018,21,4,1,14,7,2025-08-17 13:03:00
17016,4,26,1,0,4,2025-08-17 13:03:00
20202,4,27,1,0,4,2025-08-17 13:03:00
18019,7,44,1,2,5,2025-08-17 13:03:00
11003,27,7,1,25,2,2025-08-17 13:03:00
16202,0,30,0,0,0,2025-08-17 13:03:00
11034,4,44,1,1,3,2025-08-17 13:03:00
9012,4,39,1,1,3,2025-08-17 13:03:00
15020,19,13,1,17,2,2025-08-17 13:03:00
41206,25,8,1,7,18,2025-08-17 13:03:00
13113,7,26,1,2,5,2025-08-17 13:03:00
19031,4,18,1,0,4,2025-08-17 13:03:00
13114,17,5,1,8,9,2025-08-17 13:03:00
15061,12,9,1,10,2,2025-08-17 13:03:00
20017,7,20,1,0,7,2025-08-17 13:03:00
11019,10,22,1,4,6,2025-08-17 13:03:00
23008,12,13,1,11,1,2025-08-17 13:03:00
15063,16,7,1,15,1,2025-08-17 13:03:00
21108,28,23,1,20,8,2025-08-17 13:03:00
6014,9,13,1,6,3,2025-08-17 13:03:00
14116,6,18,1,5,1,2025-08-17 13:03:00
31018,10,23,1,3,7,2025-08-17 13:03:00
47002,20,1,1,9,11,2025-08-17 13:03:00
33005,13,19,1,8,5,2025-08-17 13:03:00
2110,10,18,1,4,6,2025-08-17 13:03:00
7026,9,16,1,7,2,2025-08-17 13:03:00
1016,17,6,1,14,3,2025-08-17 13:03:00
8015,16,36,1,13,3,2025-08-17 13:03:00
5019,15,10,1,12,3,2025-08-17 13:03:00
14007,5,29,1,4,1,2025-08-17 13:03:00
10164,4,30,1,1,3,2025-08-17 13:03:00
11107,27,17,1,26,1,2025-08-17 13:03:00
9113,2,28,1,1,1,2025-08-17 13:03:00
20103,1,24,1,0,1,2025-08-17 13:03:00
2014,23,9,1,17,6,2025-08-17 13:03:00
4109,9,5,1,5,4,2025-08-17 13:03:00
3101,17,17,1,15,2,2025-08-17 13:03:00
45504,0,1,0,0,0,2025-08-17 13:03:00
8049,6,16,1,2,4,2025-08-17 13:03:00
11048,37,5,1,29,8,2025-08-17 13:03:00
2101,16,17,1,15,1,2025-08-17 13:03:00
12154,10,28,1,5,5,2025-08-17 13:03:00
22017,5,23,1,3,2,2025-08-17 13:03:00
19021,7,20,1,2,5,2025-08-17 13:03:00
8105,14,17,1,2,12,2025-08-17 13:03:00
17104,9,13,1,5,4,2025-08-17 13:03:00
19030,4,24,1,2,2,2025-08-17 13:03:00
21004,4,26,1,4,0,2025-08-17 13:03:00
22002,2,23,1,2,0,2025-08-17 13:03:00
35008,3,25,1,2,1,2025-08-17 13:03:00
13022,3,29,1,1,2,2025-08-17 13:03:00
20045,2,27,1,0,2,2025-08-17 13:03:00
13019,31,5,1,29,2,2025-08-17 13:03:00
11044,7,12,1,6,1,2025-08-17 13:03:00
5030,12,34,1,8,4,2025-08-17 13:03:00
16041,10,36,1,9,1,2025-08-17 13:03:00
21952,14,27,1,10,4,2025-08-17 13:03:00
9015,9,20,1,6,3,2025-08-17 13:03:00
8029,23,35,1,13,10,2025-08-17 13:03:00
17033,4,26,1,1,3,2025-08-17 13:03:00
11110,13,39,1,5,8,2025-08-17 13:03:00
16031,2,19,1,0,2,2025-08-17 13:03:00
12153,54,1,1,41,13,2025-08-17 13:03:00
2201,0,30,0,0,0,2025-08-17 13:03:00
17005,1,52,1,0,1,2025-08-17 13:03:00
21017,24,30,1,19,5,2025-08-17 13:03:00
14127,12,26,1,7,5,2025-08-17 13:03:00
14016,45,9,1,16,29,2025-08-17 13:03:00
12033,65,0,1,58,7,2025-08-17 13:03:00
22012,10,14,1,10,0,2025-08-17 13:03:00
18142,13,18,1,2,11,2025-08-17 13:03:00
12120,3,46,1,1,2,2025-08-17 13:03:00
18035,27,10,1,17,10,2025-08-17 13:03:00
13110,7,15,1,0,7,2025-08-17 13:03:00
23105,2,31,1,0,2,2025-08-17 13:03:00
15009,14,28,1,12,2,2025-08-17 13:03:00
23005,13,13,1,5,8,2025-08-17 13:03:00
21120,16,14,1,11,5,2025-08-17 13:03:00
20117,0,31,1,0,0,2025-08-17 13:03:00
48009,18,12,1,0,18,2025-08-17 13:03:00
14125,5,19,1,2,3,2025-08-17 13:03:00
21009,17,28,1,16,1,2025-08-17 13:03:00
31017,12,8,1,0,12,2025-08-17 13:03:00
13047,39,9,1,32,7,2025-08-17 13:03:00
44103,15,3,1,7,8,2025-08-17 13:03:00
4107,18,0,1,6,12,2025-08-17 13:03:00
22403,13,10,1,8,5,2025-08-17 13:03:00
42011,10,17,1,4,6,2025-08-17 13:03:00
20047,4,44,1,3,1,2025-08-17 13:03:00
9013,6,17,1,4,2,2025-08-17 13:03:00
18114,2,20,1,0,2,2025-08-17 13:03:00
21951,2,20,1,0,2,2025-08-17 13:03:00
92005,5,38,1,3,2,2025-08-17 13:03:00
22103,7,17,1,3,4,2025-08-17 13:03:00
19113,9,19,1,0,9,2025-08-17 13:03:00
14128,6,23,1,3,3,2025-08-17 13:03:00
10039,1,22,1,0,1,2025-08-17 13:03:00
19036,10,22,1,2,8,2025-08-17 13:03:00
31101,4,14,1,0,4,2025-08-17 13:03:00
31026,4,15,1,0,4,2025-08-17 13:03:00
17001,7,45,1,4,3,2025-08-17 13:03:00
12129,12,23,1,9,3,2025-08-17 13:03:00
35004,7,52,1,2,5,2025-08-17 13:03:00
31707,11,36,1,6,5,2025-08-17 13:03:00
8011,2,12,1,1,1,2025-08-17 13:03:00
13020,25,17,1,24,1,2025-08-17 13:03:00
19124,6,25,1,1,5,2025-08-17 13:03:00
7010,13,52,1,2,11,2025-08-17 13:03:00
14113,5,33,1,4,1,2025-08-17 13:03:00
35015,18,1,1,4,14,2025-08-17 13:03:00
32021,13,51,1,4,9,2025-08-17 13:03:00
15019,10,27,1,6,4,2025-08-17 13:03:00
20203,5,15,1,0,5,2025-08-17 13:03:00
7024,25,4,1,17,8,2025-08-17 13:03:00
20004,4,13,1,0,4,2025-08-17 13:03:00
12150,27,0,1,23,4,2025-08-17 13:03:00
11031,23,16,1,18,5,2025-08-17 13:03:00
12125,19,30,1,4,15,2025-08-17 13:03:00
13515,13,45,1,12,1,2025-08-17 13:03:00
9016,5,10,1,2,3,2025-08-17 13:03:00
15131,10,37,1,7,3,2025-08-17 13:03:00
10037,7,17,1,4,3,2025-08-17 13:03:00
9036,1,19,1,0,1,2025-08-17 13:03:00
15125,20,31,1,7,13,2025-08-17 13:03:00
13117,23,17,1,6,17,2025-08-17 13:03:00
13027,4,11,1,0,4,2025-08-17 13:03:00
17029,6,29,1,6,0,2025-08-17 13:03:00
10004,42,4,1,32,10,2025-08-17 13:03:00
21118,10,6,1,7,3,2025-08-17 13:03:00
11103,27,11,1,19,8,2025-08-17 13:03:00
20039,6,44,1,2,4,2025-08-17 13:03:00
21203,11,16,1,1,10,2025-08-17 13:03:00
5034,13,54,1,8,5,2025-08-17 13:03:00
10017,9,6,1,5,4,2025-08-17 13:03:00
21316,4,20,1,0,4,2025-08-17 13:03:00
19025,9,12,1,4,5,2025-08-17 13:03:00
16009,7,10,1,2,5,2025-08-17 13:03:00
21029,4,25,1,1,3,2025-08-17 13:03:00
16003,2,27,1,2,0,2025-08-17 13:03:00
12006,36,3,1,24,12,2025-08-17 13:03:00
16014,22,2,1,5,17,2025-08-17 13:03:00
16007,7,3,1,4,3,2025-08-17 13:03:00
22013,6,24,1,5,1,2025-08-17 13:03:00
10110,8,19,1,2,6,2025-08-17 13:03:00
21115,7,25,1,6,1,2025-08-17 13:03:00
21708,18,12,1,6,12,2025-08-17 13:03:00
21307,22,8,1,19,3,2025-08-17 13:03:00
41210,3,17,1,0,3,2025-08-17 13:03:00
21702,8,42,1,2,6,2025-08-17 13:03:00
42304,12,8,1,12,0,2025-08-17 13:03:00
11109,6,16,1,5,1,2025-08-17 13:03:00
15052,13,35,1,5,8,2025-08-17 13:03:00
31021,4,25,1,0,4,2025-08-17 13:03:00
44002,16,9,1,4,12,2025-08-17 13:03:00
16115,25,17,1,21,4,2025-08-17 13:03:00
15123,26,18,1,17,9,2025-08-17 13:03:00
13039,13,5,1,4,9,2025-08-17 13:03:00
21030,6,14,1,1,5,2025-08-17 13:03:00
21031,0,40,1,0,0,2025-08-17 13:03:00
16024,13,8,1,11,2,2025-08-17 13:03:00
15043,8,2,1,3,5,2025-08-17 13:03:00
17039,12,26,1,11,1,2025-08-17 13:03:00
22604,13,20,1,1,12,2025-08-17 13:03:00
20009,8,12,1,3,5,2025-08-17 13:03:00
42305,10,8,1,3,7,2025-08-17 13:03:00
11032,11,35,1,4,7,2025-08-17 13:03:00
21955,14,12,1,12,2,2025-08-17 13:03:00
16101,4,24,1,3,1,2025-08-17 13:03:00
13121,38,7,1,38,0,2025-08-17 13:03:00
8001,32,14,1,20,12,2025-08-17 13:03:00
10012,1,24,1,0,1,2025-08-17 13:03:00
13048,15,11,1,11,4,2025-08-17 13:03:00
21028,10,23,1,7,3,2025-08-17 13:03:00
4003,20,1,1,10,10,2025-08-17 13:03:00
10018,4,24,1,3,1,2025-08-17 13:03:00
32301,1,16,1,0,1,2025-08-17 13:03:00
20108,2,21,1,0,2,2025-08-17 13:03:00
21219,2,33,1,1,1,2025-08-17 13:03:00
4001,26,3,1,20,6,2025-08-17 13:03:00
31025,5,30,1,0,5,2025-08-17 13:03:00
5014,10,18,1,8,2,2025-08-17 13:03:00
23902,37,8,1,15,22,2025-08-17 13:03:00
20007,6,43,1,3,3,2025-08-17 13:03:00
13033,4,9,1,0,4,2025-08-17 13:03:00
42701,11,19,1,0,11,2025-08-17 13:03:00
20122,0,23,1,0,0,2025-08-17 13:03:00
16020,22,14,1,16,6,2025-08-17 13:03:00
13126,10,7,1,8,2,2025-08-17 13:03:00
14101,7,26,1,2,5,2025-08-17 13:03:00
17015,1,46,1,1,0,2025-08-17 13:03:00
15023,23,11,1,18,5,2025-08-17 13:03:00
22501,8,11,1,5,3,2025-08-17 13:03:00
42003,9,20,1,9,0,2025-08-17 13:03:00
8549,10,14,1,0,10,2025-08-17 13:03:00
13011,2,9,1,0,2,2025-08-17 13:03:00
40009,7,23,1,3,4,2025-08-17 13:03:00
12043,29,11,1,18,11,2025-08-17 13:03:00
15072,31,1,1,20,11,2025-08-17 13:03:00
23003,11,16,1,10,1,2025-08-17 13:03:00
14131,9,19,1,0,9,2025-08-17 13:03:00
17023,7,29,1,3,4,2025-08-17 13:03:00
19108,14,23,1,5,9,2025-08-17 13:03:00
44007,17,4,1,9,8,2025-08-17 13:03:00
4002,12,10,1,4,8,2025-08-17 13:03:00
10105,14,10,1,10,4,2025-08-17 13:03:00
17003,9,35,1,5,4,2025-08-17 13:03:00
42501,16,12,1,12,4,2025-08-17 13:03:00
6008,2,31,1,0,2,2025-08-17 13:03:00
13109,18,3,1,14,4,2025-08-17 13:03:00
21204,6,25,1,2,4,2025-08-17 13:03:00
42209,13,4,1,8,5,2025-08-17 13:03:00
22206,12,18,1,2,10,2025-08-17 13:03:00
11021,4,19,1,2,2,2025-08-17 13:03:00
21217,6,19,1,1,5,2025-08-17 13:03:00
15030,65,2,1,56,9,2025-08-17 13:03:00
9114,2,28,1,0,2,2025-08-17 13:03:00
16011,3,37,1,0,3,2025-08-17 13:03:00
12007,43,2,1,24,19,2025-08-17 13:03:00
25001,24,8,1,13,11,2025-08-17 13:03:00
35007,6,15,1,2,4,2025-08-17 13:03:00
47001,38,8,1,32,6,2025-08-17 13:03:00
44101,37,2,1,25,12,2025-08-17 13:03:00
13032,5,21,1,1,4,2025-08-17 13:03:00
10165,2,35,1,0,2,2025-08-17 13:03:00
15064,30,14,1,19,11,2025-08-17 13:03:00
14010,25,16,1,6,19,2025-08-17 13:03:00
43001,13,9,1,5,8,2025-08-17 13:03:00
13128,20,10,1,17,3,2025-08-17 13:03:00
8020,5,39,1,1,4,2025-08-17 13:03:00
18003,4,39,1,0,4,2025-08-17 13:03:00
22303,23,4,1,7,16,2025-08-17 13:03:00
40005,25,0,1,15,10,2025-08-17 13:03:00
92001,19,1,1,15,4,2025-08-17 13:03:00
17107,6,31,1,3,3,2025-08-17 13:03:00
15057,17,22,1,17,0,2025-08-17 13:03:00
16002,4,34,1,4,0,2025-08-17 13:03:00
15004,2,19,1,1,1,2025-08-17 13:03:00
23010,4,18,1,2,2,2025-08-17 13:03:00
6027,14,17,1,10,4,2025-08-17 13:03:00
18007,6,13,1,1,5,2025-08-17 13:03:00
19128,14,16,1,7,7,2025-08-17 13:03:00
15005,6,36,1,0,6,2025-08-17 13:03:00
18006,24,11,1,17,7,2025-08-17 13:03:00
21401,17,16,1,0,17,2025-08-17 13:03:00
13044,11,24,1,3,8,2025-08-17 13:03:00
9027,4,21,1,1,3,2025-08-17 13:03:00
17108,16,16,1,6,10,2025-08-17 13:03:00
8037,2,36,1,1,1,2025-08-17 13:03:00
4020,12,9,1,6,6,2025-08-17 13:03:00
15022,34,7,1,21,13,2025-08-17 13:03:00
23004,8,26,1,6,2,2025-08-17 13:03:00
22408,1,19,1,0,1,2025-08-17 13:03:00
5012,4,12,1,0,4,2025-08-17 13:03:00
11017,1,46,1,0,1,2025-08-17 13:03:00
21306,24,35,1,19,5,2025-08-17 13:03:00
43010,0,25,0,0,0,2025-08-17 13:03:00
1021,11,7,1,1,10,2025-08-17 13:03:00
33015,22,8,1,21,1,2025-08-17 13:03:00
7017,10,30,1,3,7,2025-08-17 13:03:00
35006,12,10,1,4,8,2025-08-17 13:03:00
41205,1,19,1,0,1,2025-08-17 13:03:00
22015,17,4,1,9,8,2025-08-17 13:03:00
12018,12,21,1,7,5,2025-08-17 13:03:00
44005,12,8,1,7,5,2025-08-17 13:03:00
17119,2,30,1,1,1,2025-08-17 13:03:00
15011,41,19,1,38,3,2025-08-17 13:03:00
9004,4,16,1,3,1,2025-08-17 13:03:00
51002,10,16,1,5,5,2025-08-17 13:03:00
32601,16,22,1,4,12,2025-08-17 13:03:00
33016,13,8,1,4,9,2025-08-17 13:03:00
12026,47,4,1,37,10,2025-08-17 13:03:00
10162,3,19,1,3,0,2025-08-17 13:03:00
6012,11,7,1,3,8,2025-08-17 13:03:00
13009,6,20,1,1,5,2025-08-17 13:03:00
27005,13,7,1,5,8,2025-08-17 13:03:00
44016,24,2,1,10,14,2025-08-17 13:03:00
15071,21,2,1,16,5,2025-08-17 13:03:00
9024,24,29,1,17,7,2025-08-17 13:03:00
8201,2,27,1,1,1,2025-08-17 13:03:00
15311,15,15,1,14,1,2025-08-17 13:03:00
17111,4,20,1,2,2,2025-08-17 13:03:00
9102,8,17,1,6,2,2025-08-17 13:03:00
9006,2,14,1,1,1,2025-08-17 13:03:00
8116,0,25,0,0,0,2025-08-17 13:03:00
18030,18,19,1,4,14,2025-08-17 13:03:00
92006,21,8,1,6,15,2025-08-17 13:03:00
5024,17,3,1,13,4,2025-08-17 13:03:00
31005,12,33,1,6,6,2025-08-17 13:03:00
21314,13,16,1,11,2,2025-08-17 13:03:00
12038,5,53,1,1,4,2025-08-17 13:03:00
12005,33,6,1,30,3,2025-08-17 13:03:00
13516,18,22,1,15,3,2025-08-17 13:03:00
12155,39,3,1,30,9,2025-08-17 13:03:00
9011,3,17,1,1,2,2025-08-17 13:03:00
9034,22,0,1,20,2,2025-08-17 13:03:00
12028,7,18,1,0,7,2025-08-17 13:03:00
12035,27,19,1,25,2,2025-08-17 13:03:00
10021,2,11,1,1,1,2025-08-17 13:03:00
5115,28,2,1,24,4,2025-08-17 13:03:00
41211,6,27,1,0,6,2025-08-17 13:03:00
44011,1,26,1,0,1,2025-08-17 13:03:00
2108,12,25,1,2,10,2025-08-17 13:03:00
12101,19,7,1,18,1,2025-08-17 13:03:00
21707,5,18,1,3,2,2025-08-17 13:03:00
4019,22,10,1,5,17,2025-08-17 13:03:00
21319,5,19,1,4,1,2025-08-17 13:03:00
5001,24,18,1,24,0,2025-08-17 13:03:00
15129,15,25,1,13,2,2025-08-17 13:03:00
3102,26,35,1,20,6,2025-08-17 13:03:00
51001,24,15,1,10,14,2025-08-17 13:03:00
8027,3,11,1,1,2,2025-08-17 13:03:00
15039,1,11,1,1,0,2025-08-17 13:03:00
21315,6,18,1,0,6,2025-08-17 13:03:00
23102,2,28,1,1,1,2025-08-17 13:03:00
6022,12,9,1,5,7,2025-08-17 13:03:00
15006,2,36,1,0,2,2025-08-17 13:03:00
21402,3,24,1,1,2,2025-08-17 13:03:00
13052,35,9,1,26,9,2025-08-17 13:03:00
41403,17,3,1,11,6,2025-08-17 13:03:00
13018,18,7,1,13,5,2025-08-17 13:03:00
21303,4,27,1,3,1,2025-08-17 13:03:00
33014,10,9,1,6,4,2025-08-17 13:03:00
9007,7,13,1,1,6,2025-08-17 13:03:00
15127,26,10,1,22,4,2025-08-17 13:03:00
15070,30,6,1,26,4,2025-08-17 13:03:00
20105,7,23,1,4,3,2025-08-17 13:03:00
33103,3,21,1,2,1,2025-08-17 13:03:00
14032,9,21,1,7,2,2025-08-17 13:03:00
14011,17,22,1,8,9,2025-08-17 13:03:00
41401,15,11,1,12,3,2025-08-17 13:03:00
6002,10,10,1,8,2,2025-08-17 13:03:00
14031,7,15,1,3,4,2025-08-17 13:03:00
20044,5,23,1,1,4,2025-08-17 13:03:00
16019,2,34,1,2,0,2025-08-17 13:03:00
33012,24,6,1,13,11,2025-08-17 13:03:00
2013,10,7,1,7,3,2025-08-17 13:03:00
17024,5,18,1,0,5,2025-08-17 13:03:00
10019,11,18,1,7,4,2025-08-17 13:03:00
11033,22,7,1,14,8,2025-08-17 13:03:00
41203,5,43,1,1,4,2025-08-17 13:03:00
10033,10,12,1,0,10,2025-08-17 13:03:00
18039,4,16,1,0,4,2025-08-17 13:03:00
20022,1,32,1,0,1,2025-08-17 13:03:00
12036,16,25,1,7,9,2025-08-17 13:03:00
14026,13,32,1,9,4,2025-08-17 13:03:00
10008,15,1,1,14,1,2025-08-17 13:03:00
16012,15,27,1,14,1,2025-08-17 13:03:00
16036,11,49,1,4,7,2025-08-17 13:03:00
42505,25,5,1,21,4,2025-08-17 13:03:00
10032,8,21,1,5,3,2025-08-17 13:03:00
12015,7,27,1,6,1,2025-08-17 13:03:00
48004,1,19,1,0,1,2025-08-17 13:03:00
14001,11,15,1,3,8,2025-08-17 13:03:00
26004,4,18,1,4,0,2025-08-17 13:03:00
18139,7,21,1,3,4,2025-08-17 13:03:00
16042,9,29,1,7,2,2025-08-17 13:03:00
1006,12,20,1,4,8,2025-08-17 13:03:00
15001,34,8,1,21,13,2025-08-17 13:03:00
15008,25,36,1,23,2,2025-08-17 13:03:00
19110,8,22,1,0,8,2025-08-17 13:03:00
22201,3,27,1,0,3,2025-08-17 13:03:00
11112,6,17,1,3,3,2025-08-17 13:03:00
5007,13,22,1,10,3,2025-08-17 13:03:00
16105,3,27,1,3,0,2025-08-17 13:03:00
8117,38,4,1,25,13,2025-08-17 13:03:00
4006,47,5,1,45,2,2025-08-17 13:03:00
18202,5,33,1,2,3,2025-08-17 13:03:00
3008,17,17,1,14,3,2025-08-17 13:03:00
6010,3,12,1,1,2,2025-08-17 13:03:00
5015,24,39,1,16,8,2025-08-17 13:03:00
45002,21,6,1,8,13,2025-08-17 13:03:00
15128,24,12,1,20,4,2025-08-17 13:03:00
44014,4,21,1,1,3,2025-08-17 13:03:00
12037,5,31,1,3,2,2025-08-17 13:03:00
1007,16,0,1,11,5,2025-08-17 13:03:00
21309,30,8,1,24,6,2025-08-17 13:03:00
18004,11,0,1,4,7,2025-08-17 13:03:00
16013,7,28,1,3,4,2025-08-17 13:03:00
7012,4,22,1,4,0,2025-08-17 13:03:00
20008,7,25,1,3,4,2025-08-17 13:03:00
18034,6,26,1,0,6,2025-08-17 13:03:00
12019,4,24,1,2,2,2025-08-17 13:03:00
20104,0,22,1,0,0,2025-08-17 13:03:00
14135,11,28,1,2,9,2025-08-17 13:03:00
8110,3,29,1,2,1,2025-08-17 13:03:00
20024,1,28,1,0,1,2025-08-17 13:03:00
3010,12,5,1,4,8,2025-08-17 13:03:00
12156,3,20,1,2,1,2025-08-17 13:03:00
18140,32,7,1,16,16,2025-08-17 13:03:00
19002,4,37,1,3,1,2025-08-17 13:03:00
9009,2,19,1,1,1,2025-08-17 13:03:00
10034,5,14,1,2,3,2025-08-17 13:03:00
6104,6,50,1,3,3,2025-08-17 13:03:00
16102,13,14,1,10,3,2025-08-17 13:03:00
4021,21,4,1,7,14,2025-08-17 13:03:00
20034,1,23,1,0,1,2025-08-17 13:03:00
13005,28,18,1,27,1,2025-08-17 13:03:00
20001,15,21,1,8,7,2025-08-17 13:03:00
17019,3,16,1,3,0,2025-08-17 13:03:00
19201,6,17,1,2,4,2025-08-17 13:03:00
19010,5,14,1,2,3,2025-08-17 13:03:00
22301,14,8,1,7,7,2025-08-17 13:03:00
15132,3,17,1,0,3,2025-08-17 13:03:00
41405,23,1,1,10,13,2025-08-17 13:03:00
20006,5,7,1,4,1,2025-08-17 13:03:00
10011,6,10,1,4,2,2025-08-17 13:03:00
21953,5,15,1,0,5,2025-08-17 13:03:00
14137,14,15,1,4,10,2025-08-17 13:03:00
14019,7,15,1,3,4,2025-08-17 13:03:00
3011,18,11,1,15,3,2025-08-17 13:03:00
31709,6,16,1,0,6,2025-08-17 13:03:00
8028,20,32,1,4,16,2025-08-17 13:03:00
10027,16,1,1,2,14,2025-08-17 13:03:00
10006,13,14,1,8,5,2025-08-17 13:03:00
22401,3,30,1,1,2,2025-08-17 13:03:00
12002,8,8,1,3,5,2025-08-17 13:03:00
21506,1,21,1,0,1,2025-08-17 13:03:00
4103,19,5,1,8,11,2025-08-17 13:03:00
14103,7,20,1,2,5,2025-08-17 13:03:00
3001,25,26,1,22,3,2025-08-17 13:03:00
9037,2,22,1,0,2,2025-08-17 13:03:00
7021,13,14,1,9,4,2025-08-17 13:03:00
2015,14,18,1,6,8,2025-08-17 13:03:00
21026,9,21,1,8,1,2025-08-17 13:03:00
32013,13,11,1,7,6,2025-08-17 13:03:00
20029,5,18,1,1,4,2025-08-17 13:03:00
2003,28,1,1,24,4,2025-08-17 13:03:00
22503,11,8,1,1,10,2025-08-17 13:03:00
1102,36,1,1,33,3,2025-08-17 13:03:00
13017,7,25,1,3,4,2025-08-17 13:03:00
15111,2,23,1,0,2,2025-08-17 13:03:00
12020,8,37,1,4,4,2025-08-17 13:03:00
2021,14,44,1,12,2,2025-08-17 13:03:00
24006,6,32,1,1,5,2025-08-17 13:03:00
3009,15,4,1,7,8,2025-08-17 13:03:00
14132,15,15,1,2,13,2025-08-17 13:03:00
4014,13,16,1,6,7,2025-08-17 13:03:00
21110,14,21,1,6,8,2025-08-17 13:03:00
2005,10,6,1,6,4,2025-08-17 13:03:00
3012,8,15,1,7,1,2025-08-17 13:03:00
23702,9,11,1,0,9,2025-08-17 13:03:00
14022,1,33,1,1,0,2025-08-17 13:03:00
2002,21,7,1,15,6,2025-08-17 13:03:00
19012,1,27,1,0,1,2025-08-17 13:03:00
31001,8,18,1,4,4,2025-08-17 13:03:00
21507,1,19,1,0,1,2025-08-17 13:03:00
22306,15,5,1,7,8,2025-08-17 13:03:00
14023,12,40,1,3,9,2025-08-17 13:03:00
22502,2,18,1,0,2,2025-08-17 13:03:00
3006,30,2,1,26,4,2025-08-17 13:03:00
4015,39,3,1,27,12,2025-08-17 13:03:00
3003,27,2,1,21,6,2025-08-17 13:03:00
19111,16,22,1,5,11,2025-08-17 13:03:00
9111,3,17,1,0,3,2025-08-17 13:03:00
5122,12,16,1,4,8,2025-08-17 13:03:00
13125,21,33,1,16,5,2025-08-17 13:03:00
8036,5,41,1,2,3,2025-08-17 13:03:00
6031,18,15,1,15,3,2025-08-17 13:03:00
48005,8,15,1,2,6,2025-08-17 13:03:00
14133,10,25,1,7,3,2025-08-17 13:03:00
4012,22,4,1,15,7,2025-08-17 13:03:00
21215,4,28,1,3,1,2025-08-17 13:03:00
41208,17,4,1,12,5,2025-08-17 13:03:00
42704,5,20,1,0,5,2025-08-17 13:03:00
21706,5,38,1,0,5,2025-08-17 13:03:00
1014,19,5,1,15,4,2025-08-17 13:03:00
4017,14,0,1,7,7,2025-08-17 13:03:00
26006,21,9,1,16,5,2025-08-17 13:03:00
42211,14,12,1,6,8,2025-08-17 13:03:00
42026,5,35,1,3,2,2025-08-17 13:03:00
12163,14,28,1,6,8,2025-08-17 13:03:00
3002,8,8,1,7,1,2025-08-17 13:03:00
21509,3,21,1,0,3,2025-08-17 13:03:00
13054,43,34,1,27,16,2025-08-17 13:03:00
1012,18,3,1,16,2,2025-08-17 13:03:00
2004,11,4,1,10,1,2025-08-17 13:03:00
19130,17,9,1,6,11,2025-08-17 13:03:00
35012,3,22,1,0,3,2025-08-17 13:03:00
21505,8,16,1,8,0,2025-08-17 13:03:00
2016,15,3,1,11,4,2025-08-17 13:03:00
4018,18,13,1,12,6,2025-08-17 13:03:00
16044,19,13,1,10,9,2025-08-17 13:03:00
44001,25,4,1,16,9,2025-08-17 13:03:00
4007,31,3,1,26,5,2025-08-17 13:03:00
5004,3,16,1,1,2,2025-08-17 13:03:00
4009,27,0,1,23,4,2025-08-17 13:03:00
10041,7,9,1,0,7,2025-08-17 13:03:00
2012,10,1,1,7,3,2025-08-17 13:03:00
4101,20,1,1,10,10,2025-08-17 13:03:00
33020,14,17,1,12,2,2025-08-17 13:03:00
32019,22,7,1,16,6,2025-08-17 13:03:00
9039,12,15,1,9,3,2025-08-17 13:03:00
22506,12,6,1,3,9,2025-08-17 13:03:00
1025,16,0,1,7,9,2025-08-17 13:03:00
1018,18,1,1,12,6,2025-08-17 13:03:00
2008,12,16,1,10,2,2025-08-17 13:03:00
1026,29,1,1,26,3,2025-08-17 13:03:00
23101,4,21,1,0,4,2025-08-17 13:03:00
18015,19,22,1,4,15,2025-08-17 13:03:00
17106,23,1,1,15,8,2025-08-17 13:03:00
1116,9,18,1,4,5,2025-08-17 13:03:00
32024,9,17,1,5,4,2025-08-17 13:03:00
1017,17,3,1,11,6,2025-08-17 13:03:00
15040,5,31,1,3,2,2025-08-17 13:03:00
23107,2,20,1,1,1,2025-08-17 13:03:00
6201,18,4,1,11,7,2025-08-17 13:03:00
6026,9,57,1,4,5,2025-08-17 13:03:00
22601,11,11,1,4,7,2025-08-17 13:03:00
42018,8,23,1,0,8,2025-08-17 13:03:00
1023,29,3,1,17,12,2025-08-17 13:03:00
48008,28,1,1,1,27,2025-08-17 13:03:00
19202,27,18,1,12,15,2025-08-17 13:03:00
14201,0,30,1,0,0,2025-08-17 13:03:00
5003,4,31,1,2,2,2025-08-17 13:03:00
17021,2,31,1,1,1,2025-08-17 13:03:00
43403,19,20,1,6,13,2025-08-17 13:03:00
12164,7,19,1,0,7,2025-08-17 13:03:00
27001,5,14,0,3,2,2025-08-17 13:03:00
12203,32,9,1,25,7,2025-08-17 13:03:00
3007,27,1,1,26,1,2025-08-17 13:03:00
31020,8,26,1,3,5,2025-08-17 13:03:00
28005,12,15,1,5,7,2025-08-17 13:03:00
35005,11,16,1,5,6,2025-08-17 13:03:00
18112,11,14,1,9,2,2025-08-17 13:03:00
16139,7,23,1,3,4,2025-08-17 13:03:00
6007,9,15,1,4,5,2025-08-17 13:03:00
42028,13,15,1,2,11,2025-08-17 13:03:00
12166,18,6,1,4,14,2025-08-17 13:03:00
22603,1,33,1,0,1,2025-08-17 13:03:00
12113,21,24,1,17,4,2025-08-17 13:03:00
21119,15,9,1,13,2,2025-08-17 13:03:00
16010,10,13,1,6,4,2025-08-17 13:03:00
16201,19,46,1,17,2,2025-08-17 13:03:00
23042,19,11,1,11,8,2025-08-17 13:03:00
42019,41,2,1,39,2,2025-08-17 13:03:00
32020,11,4,1,7,4,2025-08-17 13:03:00
27006,12,10,1,6,6,2025-08-17 13:03:00
1015,29,7,1,22,7,2025-08-17 13:03:00
1008,24,6,1,21,3,2025-08-17 13:03:00
2006,5,19,1,1,4,2025-08-17 13:03:00
9019,5,13,1,0,5,2025-08-17 13:03:00
44004,25,2,1,21,4,2025-08-17 13:03:00
1024,20,1,1,18,2,2025-08-17 13:03:00
19046,21,10,1,9,12,2025-08-17 13:03:00
2102,3,34,1,1,2,2025-08-17 13:03:00
2020,12,7,1,4,8,2025-08-17 13:03:00
10201,4,15,1,0,4,2025-08-17 13:03:00
6029,4,22,1,1,3,2025-08-17 13:03:00
12016,6,29,1,2,4,2025-08-17 13:03:00
23301,23,3,1,22,1,2025-08-17 13:03:00
42210,13,18,1,11,2,2025-08-17 13:03:00
34013,17,10,1,4,13,2025-08-17 13:03:00
44008,29,4,1,21,8,2025-08-17 13:03:00
23104,28,0,1,17,11,2025-08-17 13:03:00
21011,6,17,1,3,3,2025-08-17 13:03:00
20140,9,12,1,3,6,2025-08-17 13:03:00
48012,13,13,1,2,11,2025-08-17 13:03:00
23303,13,17,1,0,13,2025-08-17 13:03:00
20010,8,26,1,6,2,2025-08-17 13:03:00
42022,32,4,1,32,0,2025-08-17 13:03:00
15018,3,53,1,2,1,2025-08-17 13:03:00
26012,11,7,1,5,6,2025-08-17 13:03:00
20048,15,13,1,2,13,2025-08-17 13:03:00
10166,10,1,1,8,2,2025-08-17 13:03:00
45004,33,3,1,8,25,2025-08-17 13:03:00
23202,3,14,1,0,3,2025-08-17 13:03:00
13049,21,1,1,18,3,2025-08-17 13:03:00
6015,17,38,1,9,8,2025-08-17 13:03:00
32605,9,11,1,0,9,2025-08-17 13:03:00
17202,3,16,1,1,2,2025-08-17 13:03:00
8202,1,26,1,1,0,2025-08-17 13:03:00
32011,13,31,1,6,7,2025-08-17 13:03:00
17020,4,23,1,3,1,2025-08-17 13:03:00
12202,34,5,1,28,6,2025-08-17 13:03:00
23206,7,21,1,2,5,2025-08-17 13:03:00
8040,6,24,1,0,6,2025-08-17 13:03:00
10202,6,24,1,3,3,2025-08-17 13:03:00
42030,21,8,1,14,7,2025-08-17 13:03:00
8018,11,34,1,6,5,2025-08-17 13:03:00
20142,5,14,1,1,4,2025-08-17 13:03:00
18010,6,30,1,4,2,2025-08-17 13:03:00
48001,12,12,1,0,12,2025-08-17 13:03:00
51008,9,29,1,0,9,2025-08-17 13:03:00
18135,2,22,1,2,0,2025-08-17 13:03:00
24101,7,16,1,0,7,2025-08-17 13:03:00
34011,7,19,1,0,7,2025-08-17 13:03:00
21329,8,21,1,7,1,2025-08-17 13:03:00
21704,18,6,1,9,9,2025-08-17 13:03:00
19121,8,13,1,5,3,2025-08-17 13:03:00
13015,29,6,1,28,1,2025-08-17 13:03:00
25007,6,18,1,2,4,2025-08-17 13:03:00
19114,5,15,1,2,3,2025-08-17 13:03:00
12123,15,37,1,4,11,2025-08-17 13:03:00
21002,2,18,1,1,1,2025-08-17 13:03:00
13024,3,30,1,1,2,2025-08-17 13:03:00
23041,25,0,1,24,1,2025-08-17 13:03:00
24005,4,27,1,1,3,2025-08-17 13:03:00
31104,26,3,1,9,17,2025-08-17 13:03:00
42024,22,5,1,22,0,2025-08-17 13:03:00
5027,26,14,1,24,2,2025-08-17 13:03:00
15203,7,20,1,3,4,2025-08-17 13:03:00
13116,6,43,1,1,5,2025-08-17 13:03:00
11111,5,12,1,2,3,2025-08-17 13:03:00
48006,2,17,1,0,2,2025-08-17 13:03:00
15012,40,27,1,37,3,2025-08-17 13:03:00
18016,9,25,1,1,8,2025-08-17 13:03:00
19117,8,22,1,6,2,2025-08-17 13:03:00
15053,21,25,1,21,0,2025-08-17 13:03:00
21022,17,8,1,9,8,2025-08-17 13:03:00
20003,5,16,1,1,4,2025-08-17 13:03:00
15041,3,32,1,1,2,2025-08-17 13:03:00
10003,10,7,1,7,3,2025-08-17 13:03:00
11022,4,12,1,1,3,2025-08-17 13:03:00
41103,5,19,1,1,4,2025-08-17 13:03:00
41602,6,25,1,1,5,2025-08-17 13:03:00
13028,12,21,1,10,2,2025-08-17 13:03:00
15069,36,8,1,36,0,2025-08-17 13:03:00
20012,3,14,1,1,2,2025-08-17 13:03:00
14004,0,23,1,0,0,2025-08-17 13:03:00
14027,29,25,1,27,2,2025-08-17 13:03:00
42303,13,7,1,13,0,2025-08-17 13:03:00
48002,4,33,1,1,3,2025-08-17 13:03:00
41605,1,21,1,0,1,2025-08-17 13:03:00
30003,14,16,1,7,7,2025-08-17 13:03:00
35013,7,13,1,3,4,2025-08-17 13:03:00
20020,0,29,1,0,0,2025-08-17 13:03:00
12008,45,9,1,40,5,2025-08-17 13:03:00
12102,15,15,1,13,2,2025-08-17 13:03:00
13120,2,16,1,2,0,2025-08-17 13:03:00
15024,13,10,1,10,3,2025-08-17 13:03:00
12119,12,38,1,4,8,2025-08-17 13:03:00
10009,6,13,1,1,5,2025-08-17 13:03:00
13006,24,16,1,21,3,2025-08-17 13:03:00
23803,3,17,1,0,3,2025-08-17 13:03:00
43007,2,25,1,2,0,2025-08-17 13:03:00
15050,16,5,1,15,1,2025-08-17 13:03:00
16025,49,19,1,45,4,2025-08-17 13:03:00
13036,10,25,1,2,8,2025-08-17 13:03:00
43004,3,22,1,1,2,2025-08-17 13:03:00
14009,11,25,1,5,6,2025-08-17 13:03:00
17117,5,27,1,3,2,2025-08-17 13:03:00
16017,3,13,1,1,2,2025-08-17 13:03:00
18021,3,36,1,0,3,2025-08-17 13:03:00
16116,16,13,1,11,5,2025-08-17 13:03:00
20013,10,34,1,0,10,2025-08-17 13:03:00
5033,24,3,1,15,9,2025-08-17 13:03:00
15045,0,34,1,0,0,2025-08-17 13:03:00
25004,21,3,1,15,6,2025-08-17 13:03:00
12022,8,38,1,5,3,2025-08-17 13:03:00
15027,3,17,1,0,3,2025-08-17 13:03:00
21023,20,5,1,14,6,2025-08-17 13:03:00
31105,17,1,1,15,2,2025-08-17 13:03:00
42205,19,16,1,4,15,2025-08-17 13:03:00
22701,28,2,1,15,13,2025-08-17 13:03:00
17110,3,26,1,0,3,2025-08-17 13:03:00
31701,12,15,1,3,9,2025-08-17 13:03:00
22404,2,23,1,1,1,2025-08-17 13:03:00
20032,4,22,1,0,4,2025-08-17 13:03:00
20014,8,27,1,3,5,2025-08-17 13:03:00
14035,23,26,1,11,12,2025-08-17 13:03:00
30004,22,6,1,5,17,2025-08-17 13:03:00
14005,13,23,1,13,0,2025-08-17 13:03:00
8046,29,3,1,16,13,2025-08-17 13:03:00
20110,7,13,1,0,7,2025-08-17 13:03:00
32306,1,28,1,0,1,2025-08-17 13:03:00
8007,28,2,1,24,4,2025-08-17 13:03:00
21218,2,15,1,1,1,2025-08-17 13:03:00
17006,11,25,1,8,3,2025-08-17 13:03:00
18101,3,18,1,1,2,2025-08-17 13:03:00
6028,23,14,1,16,7,2025-08-17 13:03:00
20005,4,15,1,3,1,2025-08-17 13:03:00
21207,1,28,1,0,1,2025-08-17 13:03:00
28002,0,1,0,0,0,2025-08-17 13:03:00
11016,3,45,1,0,3,2025-08-17 13:03:00
12122,8,43,1,1,7,2025-08-17 13:03:00
15120,10,16,1,10,0,2025-08-17 13:03:00
16033,5,24,1,5,0,2025-08-17 13:03:00
21205,2,23,1,0,2,2025-08-17 13:03:00
16023,24,9,1,12,12,2025-08-17 13:03:00
24007,6,15,1,3,3,2025-08-17 13:03:00
6004,8,36,1,2,6,2025-08-17 13:03:00
15114,3,8,1,0,3,2025-08-17 13:03:00
11029,12,26,1,4,8,2025-08-17 13:03:00
19014,13,3,1,5,8,2025-08-17 13:03:00
15014,3,31,1,3,0,2025-08-17 13:03:00
11028,12,26,1,3,9,2025-08-17 13:03:00
13055,56,2,1,53,3,2025-08-17 13:03:00
22014,13,12,1,11,2,2025-08-17 13:03:00
21027,15,9,1,9,6,2025-08-17 13:03:00
25002,18,2,1,11,7,2025-08-17 13:03:00
15113,2,23,1,0,2,2025-08-17 13:03:00
6005,43,4,1,31,12,2025-08-17 13:03:00
16022,1,18,1,0,1,2025-08-17 13:03:00
20011,5,15,1,1,4,2025-08-17 13:03:00
19001,6,49,1,1,5,2025-08-17 13:03:00
15044,4,29,1,0,4,2025-08-17 13:03:00
13023,6,22,1,4,2,2025-08-17 13:03:00
12040,28,38,1,18,10,2025-08-17 13:03:00
20106,4,23,1,1,3,2025-08-17 13:03:00
6020,14,21,1,11,3,2025-08-17 13:03:00
21007,12,41,1,12,0,2025-08-17 13:03:00
19007,15,15,1,4,11,2025-08-17 13:03:00
21016,11,29,1,2,9,2025-08-17 13:03:00
5105,13,4,1,12,1,2025-08-17 13:03:00
11018,15,22,1,13,2,2025-08-17 13:03:00
19123,5,25,1,2,3,2025-08-17 13:03:00
21107,3,20,1,2,1,2025-08-17 13:03:00
22007,4,32,1,2,2,2025-08-17 13:03:00
12039,26,12,1,17,9,2025-08-17 13:03:00
13037,12,8,1,9,3,2025-08-17 13:03:00
5031,12,42,1,5,7,2025-08-17 13:03:00
12017,14,39,1,10,4,2025-08-17 13:03:00
14025,4,26,1,2,2,2025-08-17 13:03:00
6009,18,18,1,9,9,2025-08-17 13:03:00
42027,2,24,1,0,2,2025-08-17 13:03:00
16104,6,29,1,1,5,2025-08-17 13:03:00
20033,1,45,1,0,1,2025-08-17 13:03:00
30005,32,0,1,10,22,2025-08-17 13:03:00
17050,2,26,1,0,2,2025-08-17 13:03:00
13013,5,15,1,4,1,2025-08-17 13:03:00
8044,4,29,1,2,2,2025-08-17 13:03:00
21510,1,23,1,1,0,2025-08-17 13:03:00
51007,5,23,1,3,2,2025-08-17 13:03:00
17036,2,26,1,1,1,2025-08-17 13:03:00
11040,11,24,1,5,6,2025-08-17 13:03:00
13008,12,40,1,4,8,2025-08-17 13:03:00
11038,6,39,1,3,3,2025-08-17 13:03:00
1201,24,4,1,14,10,2025-08-17 13:03:00
21511,27,19,1,19,8,2025-08-17 13:03:00
21033,13,4,1,9,4,2025-08-17 13:03:00
21112,28,28,1,18,10,2025-08-17 13:03:00
8031,9,40,1,3,6,2025-08-17 13:03:00
22703,12,18,1,7,5,2025-08-17 13:03:00
24010,18,7,1,10,8,2025-08-17 13:03:00
25009,16,4,1,12,4,2025-08-17 13:03:00
41101,20,4,1,11,9,2025-08-17 13:03:00
26010,6,15,1,4,2,2025-08-17 13:03:00
20030,8,33,1,2,6,2025-08-17 13:03:00
16140,17,13,1,17,0,2025-08-17 13:03:00
3201,19,5,1,13,6,2025-08-17 13:03:00
20035,2,24,1,0,2,2025-08-17 13:03:00
23106,0,20,1,0,0,2025-08-17 13:03:00
21508,11,15,1,1,10,2025-08-17 13:03:00
15032,23,34,1,20,3,2025-08-17 13:03:00
20037,1,23,1,0,1,2025-08-17 13:03:00
19045,21,43,1,14,7,2025-08-17 13:03:00
22302,14,22,1,12,2,2025-08-17 13:03:00
13053,14,6,1,9,5,2025-08-17 13:03:00
9029,3,36,1,1,2,2025-08-17 13:03:00
48011,9,11,1,1,8,2025-08-17 13:03:00
10001,7,24,1,7,0,2025-08-17 13:03:00
41212,10,10,1,0,10,2025-08-17 13:03:00
34009,11,18,1,5,6,2025-08-17 13:03:00
41304,31,0,1,25,6,2025-08-17 13:03:00
10151,15,9,1,2,13,2025-08-17 13:03:00
8003,6,40,1,2,4,2025-08-17 13:03:00
7007,26,39,1,12,14,2025-08-17 13:03:00
26011,15,5,1,11,4,2025-08-17 13:03:00
22208,3,17,1,0,3,2025-08-17 13:03:00
22209,6,15,1,3,3,2025-08-17 13:03:00
45005,25,1,1,17,8,2025-08-17 13:03:00
35021,8,23,1,5,3,2025-08-17 13:03:00
18045,5,11,1,1,4,2025-08-17 13:03:00
14110,6,19,1,3,3,2025-08-17 13:03:00
18018,3,16,1,0,3,2025-08-17 13:03:00
10025,8,6,1,2,6,2025-08-17 13:03:00
32305,2,28,1,1,1,2025-08-17 13:03:00
22305,29,6,1,17,12,2025-08-17 13:03:00
21954,3,20,1,0,3,2025-08-17 13:03:00
22507,7,19,1,4,3,2025-08-17 13:03:00
11201,6,10,1,1,5,2025-08-17 13:03:00
22602,18,11,1,3,15,2025-08-17 13:03:00
12106,60,7,1,56,4,2025-08-17 13:03:00
23205,1,22,1,0,1,2025-08-17 13:03:00
32023,28,2,1,15,13,2025-08-17 13:03:00
23201,9,36,1,3,6,2025-08-17 13:03:00
25010,1,28,1,0,1,2025-08-17 13:03:00
12165,26,7,1,15,11,2025-08-17 13:03:00
12001,32,27,1,28,4,2025-08-17 13:03:00
22018,5,30,1,2,3,2025-08-17 13:03:00
21320,7,33,1,6,1,2025-08-17 13:03:00
11001,33,19,1,30,3,2025-08-17 13:03:00
21327,22,9,1,19,3,2025-08-17 13:03:00
23203,2,23,1,0,2,2025-08-17 13:03:00
9035,9,35,1,3,6,2025-08-17 13:03:00
17126,4,27,1,3,1,2025-08-17 13:03:00
34005,27,3,1,14,13,2025-08-17 13:03:00
17127,34,6,1,34,0,2025-08-17 13:03:00
26008,13,21,1,4,9,2025-08-17 13:03:00
26009,19,9,1,14,5,2025-08-17 13:03:00
34008,2,26,1,1,1,2025-08-17 13:03:00
34012,11,15,1,8,3,2025-08-17 13:03:00
23204,4,24,1,1,3,2025-08-17 13:03:00
31301,20,8,1,3,17,2025-08-17 13:03:00
21514,14,10,1,10,4,2025-08-17 13:03:00
31303,23,4,1,9,14,2025-08-17 13:03:00
5107,22,0,1,20,2,2025-08-17 13:03:00
10026,4,51,1,2,2,2025-08-17 13:03:00
17010,13,40,1,11,2,2025-08-17 13:03:00
18023,9,26,1,1,8,2025-08-17 13:03:00
18026,6,28,1,2,4,2025-08-17 13:03:00
18024,9,26,1,4,5,2025-08-17 13:03:00
16006,3,16,1,1,2,2025-08-17 13:03:00
8008,17,15,1,13,4,2025-08-17 13:03:00
13205,4,19,1,2,2,2025-08-17 13:03:00
31202,17,7,1,12,5,2025-08-17 13:03:00
7201,2,16,1,2,0,2025-08-17 13:03:00
31201,15,21,1,3,12,2025-08-17 13:03:00
15013,10,19,1,10,0,2025-08-17 13:03:00
13204,20,20,1,11,9,2025-08-17 13:03:00
13035,8,12,1,3,5,2025-08-17 13:03:00
15062,28,7,1,19,9,2025-08-17 13:03:00
10114,18,42,1,12,6,2025-08-17 13:03:00
18134,6,19,1,3,3,2025-08-17 13:03:00
13203,18,6,1,6,12,2025-08-17 13:03:00
47007,16,2,1,15,1,2025-08-17 13:03:00
13202,17,10,1,13,4,2025-08-17 13:03:00
13051,22,2,1,19,3,2025-08-17 13:03:00
47008,21,0,1,12,9,2025-08-17 13:03:00
21501,3,15,1,0,3,2025-08-17 13:03:00
8038,13,40,1,4,9,2025-08-17 13:03:00
19204,9,10,1,2,7,2025-08-17 13:03:00
22019,0,0,0,0,0,2025-08-17 13:03:00
5201,5,11,1,1,4,2025-08-17 13:03:00
18206,3,35,1,1,2,2025-08-17 13:03:00
18042,7,14,1,0,7,2025-08-17 13:03:00
18044,7,24,1,2,5,2025-08-17 13:03:00
11037,15,23,1,12,3,2025-08-17 13:03:00
18041,14,5,1,5,9,2025-08-17 13:03:00
12157,11,54,1,3,8,2025-08-17 13:03:00
35002,14,17,1,6,8,2025-08-17 13:03:00
7109,33,4,1,26,7,2025-08-17 13:03:00
11102,7,52,1,6,1,2025-08-17 13:03:00
8057,10,23,1,8,2,2025-08-17 13:03:00
8039,7,10,1,6,1,2025-08-17 13:03:00
16103,5,17,1,0,5,2025-08-17 13:03:00
21213,8,17,1,2,6,2025-08-17 13:03:00
3004,9,9,1,3,6,2025-08-17 13:03:00
11014,38,9,1,10,28,2025-08-17 13:03:00
11046,9,10,1,3,6,2025-08-17 13:03:00
11009,12,10,1,11,1,2025-08-17 13:03:00
35001,14,7,1,2,12,2025-08-17 13:03:00
15060,16,4,1,12,4,2025-08-17 13:03:00
11011,10,15,1,5,5,2025-08-17 13:03:00
7023,58,0,1,48,10,2025-08-17 13:03:00
11012,24,9,1,8,16,2025-08-17 13:03:00
15105,7,18,1,5,2,2025-08-17 13:03:00
18205,13,18,1,8,5,2025-08-17 13:03:00
11020,7,41,1,5,2,2025-08-17 13:03:00
7111,20,6,1,17,3,2025-08-17 13:03:00
9025,6,48,1,5,1,2025-08-17 13:03:00
7025,27,6,1,14,13,2025-08-17 13:03:00
4108,25,0,1,22,3,2025-08-17 13:03:00
40007,12,15,1,11,1,2025-08-17 13:03:00
40010,2,19,1,1,1,2025-08-17 13:03:00
40012,6,2,1,1,5,2025-08-17 13:03:00
40013,26,10,1,8,18,2025-08-17 13:03:00
12107,11,10,1,7,4,2025-08-17 13:03:00
40014,12,16,1,5,7,2025-08-17 13:03:00
23011,3,21,1,1,2,2025-08-17 13:03:00
16005,14,11,1,8,6,2025-08-17 13:03:00
12201,30,21,1,15,15,2025-08-17 13:03:00
26005,21,7,1,9,12,2025-08-17 13:03:00
40003,8,10,1,4,4,2025-08-17 13:03:00
23801,7,13,1,2,5,2025-08-17 13:03:00
40004,19,6,1,1,18,2025-08-17 13:03:00
23703,3,15,1,0,3,2025-08-17 13:03:00
40008,3,41,1,0,3,2025-08-17 13:03:00
14021,25,34,1,19,6,2025-08-17 13:03:00
13106,17,6,1,4,13,2025-08-17 13:03:00
40015,9,15,1,2,7,2025-08-17 13:03:00
51005,31,4,1,14,17,2025-08-17 13:03:00
10031,8,28,1,2,6,2025-08-17 13:03:00
32004,13,27,1,0,13,2025-08-17 13:03:00
20137,2,23,1,0,2,2025-08-17 13:03:00
35014,3,23,1,0,3,2025-08-17 13:03:00
31708,2,19,1,0,2,2025-08-17 13:03:00
27004,8,20,1,6,2,2025-08-17 13:03:00
10013,8,48,1,7,1,2025-08-17 13:03:00
15103,37,14,1,36,1,2025-08-17 13:03:00
15026,21,11,1,15,6,2025-08-17 13:03:00
1022,8,29,1,4,4,2025-08-17 13:03:00
41301,11,39,1,3,8,2025-08-17 13:03:00
19203,10,16,1,5,5,2025-08-17 13:03:00
34014,16,16,1,4,12,2025-08-17 13:03:00
21404,2,16,1,0,2,2025-08-17 13:03:00
17123,7,11,1,2,5,2025-08-17 13:03:00
6001,7,9,1,4,3,2025-08-17 13:03:00
1002,20,0,1,11,9,2025-08-17 13:03:00
17038,7,54,1,3,4,2025-08-17 13:03:00
19018,11,45,1,4,7,2025-08-17 13:03:00
8052,12,18,1,6,6,2025-08-17 13:03:00
32001,12,17,1,6,6,2025-08-17 13:03:00
13123,28,18,1,22,6,2025-08-17 13:03:00
4010,22,2,1,13,9,2025-08-17 13:03:00
33019,16,18,1,4,12,2025-08-17 13:03:00
21021,19,21,1,15,4,2025-08-17 13:03:00
40002,16,3,1,8,8,2025-08-17 13:03:00
42004,18,8,1,15,3,2025-08-17 13:03:00
15122,3,23,1,0,3,2025-08-17 13:03:00
22304,10,22,1,8,2,2025-08-17 13:03:00
44018,0,0,0,0,0,2025-08-17 13:03:00
21302,3,22,1,1,2,2025-08-17 13:03:00
1003,12,29,1,3,9,2025-08-17 13:03:00
15058,23,22,1,11,12,2025-08-17 13:03:00
15204,15,9,1,10,5,2025-08-17 13:03:00
4104,14,2,1,10,4,2025-08-17 13:03:00
18014,4,9,1,0,4,2025-08-17 13:03:00
12010,18,3,1,15,3,2025-08-17 13:03:00
32012,7,61,1,3,4,2025-08-17 13:03:00
9104,20,2,1,11,9,2025-08-17 13:03:00
12127,12,36,1,9,3,2025-08-17 13:03:00
18043,11,8,1,1,10,2025-08-17 13:03:00
5202,13,21,1,12,1,2025-08-17 13:03:00
8002,42,3,1,36,6,2025-08-17 13:03:00
12105,41,0,1,25,16,2025-08-17 13:03:00
8203,13,22,1,7,6,2025-08-17 13:03:00
8004,63,5,1,60,3,2025-08-17 13:03:00
15056,17,5,1,15,2,2025-08-17 13:03:00
