stationCode,num_bikes_available,num_docks_available,is_working,num_mechanical_bikes_available,num_ebike_bikes_available,updated_at
16107,7,28,1,6,1,2025-08-17 13:31:00
40001,27,1,1,7,20,2025-08-17 13:31:00
9020,7,14,1,0,7,2025-08-17 13:31:00
14111,12,13,1,5,7,2025-08-17 13:31:00
14014,23,36,1,15,8,2025-08-17 13:31:00
32017,16,5,1,13,3,2025-08-17 13:31:00
11104,2,18,1,1,1,2025-08-17 13:31:00
8026,2,10,1,0,2,2025-08-17 13:31:00
13007,9,9,1,7,2,2025-08-17 13:31:00
6003,10,11,1,3,7,2025-08-17 13:31:00
7002,12,22,1,10,2,2025-08-17 13:31:00
5110,8,15,1,6,2,2025-08-17 13:31:00
6108,2,15,1,1,1,2025-08-17 13:31:00
33006,7,24,1,0,7,2025-08-17 13:31:00
42016,9,17,1,4,5,2025-08-17 13:31:00
40011,19,8,1,15,4,2025-08-17 13:31:00
21010,3,22,1,1,2,2025-08-17 13:31:00
25006,4,18,1,2,2,2025-08-17 13:31:00
30002,27,9,1,2,25,2025-08-17 13:31:00
7003,20,38,1,10,10,2025-08-17 13:31:00
17041,5,32,1,3,2,2025-08-17 13:31:00
5016,8,9,1,6,2,2025-08-17 13:31:00
11025,28,15,1,26,2,2025-08-17 13:31:00
15047,3,49,1,3,0,2025-08-17 13:31:00
17026,3,37,1,3,0,2025-08-17 13:31:00
12109,27,3,1,24,3,2025-08-17 13:31:00
6021,6,14,1,5,1,2025-08-17 13:31:00
15202,10,20,1,2,8,2025-08-17 13:31:00
42208,12,21,1,8,4,2025-08-17 13:31:00
8050,10,35,1,6,4,2025-08-17 13:31:00
13101,9,23,1,8,1,2025-08-17 13:31:00
14108,7,14,1,5,2,2025-08-17 13:31:00
31024,7,31,1,1,6,2025-08-17 13:31:00
2022,9,26,1,2,7,2025-08-17 13:31:00
17044,23,19,1,17,6,2025-08-17 13:31:00
19033,1,41,1,1,0,2025-08-17 13:31:00
17025,11,24,1,10,1,2025-08-17 13:31:00
21326,5,12,1,1,4,2025-08-17 13:31:00
20143,3,40,1,2,1,2025-08-17 13:31:00
43002,10,16,1,5,5,2025-08-17 13:31:00
16138,9,21,1,4,5,2025-08-17 13:31:00
21216,2,23,1,1,1,2025-08-17 13:31:00
15068,9,7,1,2,7,2025-08-17 13:31:00
22207,15,7,1,7,8,2025-08-17 13:31:00
92002,7,16,1,0,7,2025-08-17 13:31:00
31028,15,10,1,9,6,2025-08-17 13:31:00
17048,4,24,1,0,4,2025-08-17 13:31:00
44017,26,2,1,15,11,2025-08-17 13:31:00
44010,24,6,1,7,17,2025-08-17 13:31:00
16118,7,18,1,6,1,2025-08-17 13:31:00
2017,10,30,1,8,2,2025-08-17 13:31:00
9008,5,12,1,0,5,2025-08-17 13:31:00
8103,4,32,1,3,1,2025-08-17 13:31:00
8048,3,18,1,2,1,2025-08-17 13:31:00
14013,1,25,1,0,1,2025-08-17 13:31:00
13118,41,22,1,38,3,2025-08-17 13:31:00
15112,4,20,1,1,3,2025-08-17 13:31:00
13030,3,17,1,0,3,2025-08-17 13:31:00
40016,14,8,1,4,10,2025-08-17 13:31:00
18111,4,21,1,0,4,2025-08-17 13:31:00
9002,2,12,1,0,2,2025-08-17 13:31:00
48003,20,2,1,1,19,2025-08-17 13:31:00
16110,15,6,1,13,2,2025-08-17 13:31:00
44015,19,1,1,10,9,2025-08-17 13:31:00
43009,12,36,1,5,7,2025-08-17 13:31:00
9001,6,11,1,2,4,2025-08-17 13:31:00
17032,7,14,1,7,0,2025-08-17 13:31:00
8016,23,6,1,22,1,2025-08-17 13:31:00
10115,3,24,1,0,3,2025-08-17 13:31:00
10029,5,18,1,2,3,2025-08-17 13:31:00
10161,6,22,1,1,5,2025-08-17 13:31:00
41303,24,8,1,10,14,2025-08-17 13:31:00
12031,34,2,1,31,3,2025-08-17 13:31:00
1001,0,16,1,0,0,2025-08-17 13:31:00
5022,6,13,1,2,4,2025-08-17 13:31:00
21328,7,21,1,0,7,2025-08-17 13:31:00
13104,18,8,1,16,2,2025-08-17 13:31:00
9038,2,24,1,0,2,2025-08-17 13:31:00
8009,27,0,1,21,6,2025-08-17 13:31:00
31103,26,8,1,14,12,2025-08-17 13:31:00
17008,8,15,1,0,8,2025-08-17 13:31:00
7018,7,12,1,3,4,2025-08-17 13:31:00
5005,4,20,1,0,4,2025-08-17 13:31:00
21323,24,4,1,24,0,2025-08-17 13:31:00
8053,11,18,1,10,1,2025-08-17 13:31:00
9014,6,28,1,5,1,2025-08-17 13:31:00
9106,9,19,1,6,3,2025-08-17 13:31:00
19105,8,9,1,0,8,2025-08-17 13:31:00
31706,6,20,1,0,6,2025-08-17 13:31:00
22409,5,11,1,1,4,2025-08-17 13:31:00
19015,14,10,1,6,8,2025-08-17 13:31:00
9022,7,26,1,6,1,2025-08-17 13:31:00
17004,5,35,1,1,4,2025-08-17 13:31:00
19003,7,17,1,4,3,2025-08-17 13:31:00
26003,1,15,1,0,1,2025-08-17 13:31:00
12151,46,11,1,12,34,2025-08-17 13:31:00
5020,38,2,1,26,12,2025-08-17 13:31:00
92007,20,2,1,2,18,2025-08-17 13:31:00
16026,12,11,1,9,3,2025-08-17 13:31:00
9028,3,14,1,3,0,2025-08-17 13:31:00
10107,15,30,1,5,10,2025-08-17 13:31:00
26002,12,28,1,7,5,2025-08-17 13:31:00
17043,5,34,1,4,1,2025-08-17 13:31:00
19026,2,13,1,0,2,2025-08-17 13:31:00
16039,6,42,1,5,1,2025-08-17 13:31:00
11023,3,43,1,1,2,2025-08-17 13:31:00
45003,14,22,1,3,11,2025-08-17 13:31:00
11002,11,11,1,9,2,2025-08-17 13:31:00
12111,8,37,1,3,5,2025-08-17 13:31:00
8034,8,27,1,3,5,2025-08-17 13:31:00
11047,22,8,1,20,2,2025-08-17 13:31:00
19043,13,39,1,4,9,2025-08-17 13:31:00
5032,6,33,1,1,5,2025-08-17 13:31:00
18107,13,21,1,11,2,2025-08-17 13:31:00
20042,2,37,1,1,1,2025-08-17 13:31:00
15067,10,2,1,3,7,2025-08-17 13:31:00
16108,5,33,1,3,2,2025-08-17 13:31:00
17030,3,20,1,2,1,2025-08-17 13:31:00
6006,11,7,1,9,2,2025-08-17 13:31:00
11027,8,29,1,4,4,2025-08-17 13:31:00
12128,2,32,1,0,2,2025-08-17 13:31:00
8010,0,17,1,0,0,2025-08-17 13:31:00
31022,16,36,1,1,15,2025-08-17 13:31:00
46002,30,3,1,7,23,2025-08-17 13:31:00
10016,5,12,1,3,2,2025-08-17 13:31:00
31009,4,22,1,0,4,2025-08-17 13:31:00
41302,24,25,1,1,23,2025-08-17 13:31:00
14020,7,50,1,5,2,2025-08-17 13:31:00
33017,23,3,1,2,21,2025-08-17 13:31:00
15042,15,1,1,15,0,2025-08-17 13:31:00
18011,17,22,1,5,12,2025-08-17 13:31:00
33102,9,8,1,3,6,2025-08-17 13:31:00
42706,6,19,1,1,5,2025-08-17 13:31:00
21212,5,17,1,3,2,2025-08-17 13:31:00
44006,26,9,1,7,19,2025-08-17 13:31:00
19120,3,24,1,0,3,2025-08-17 13:31:00
11113,27,30,1,19,8,2025-08-17 13:31:00
15104,30,34,1,26,4,2025-08-17 13:31:00
14003,37,12,1,17,20,2025-08-17 13:31:00
43008,7,18,1,7,0,2025-08-17 13:31:00
5018,21,15,1,13,8,2025-08-17 13:31:00
19101,4,20,1,0,4,2025-08-17 13:31:00
17204,17,14,1,12,5,2025-08-17 13:31:00
4016,56,1,1,35,21,2025-08-17 13:31:00
14138,3,29,1,0,3,2025-08-17 13:31:00
12114,3,24,1,1,2,2025-08-17 13:31:00
32308,0,1,0,0,0,2025-08-17 13:31:00
41209,4,11,1,2,2,2025-08-17 13:31:00
21312,2,28,1,1,1,2025-08-17 13:31:00
14008,8,20,1,6,2,2025-08-17 13:31:00
13001,10,8,1,7,3,2025-08-17 13:31:00
8017,4,61,1,0,4,2025-08-17 13:31:00
15054,13,6,1,10,3,2025-08-17 13:31:00
15106,17,18,1,9,8,2025-08-17 13:31:00
5124,4,20,1,1,3,2025-08-17 13:31:00
14106,3,18,1,3,0,2025-08-17 13:31:00
18046,14,19,1,4,10,2025-08-17 13:31:00
22406,15,8,1,4,11,2025-08-17 13:31:00
31102,2,18,1,1,1,2025-08-17 13:31:00
2111,28,1,1,19,9,2025-08-17 13:31:00
18022,9,28,1,4,5,2025-08-17 13:31:00
8054,0,32,1,0,0,2025-08-17 13:31:00
15109,20,8,1,16,4,2025-08-17 13:31:00
21209,2,28,1,0,2,2025-08-17 13:31:00
14012,6,31,1,4,2,2025-08-17 13:31:00
21005,12,14,1,9,3,2025-08-17 13:31:00
10042,11,19,1,8,3,2025-08-17 13:31:00
19103,4,15,1,2,2,2025-08-17 13:31:00
17203,8,18,1,5,3,2025-08-17 13:31:00
42014,26,6,1,24,2,2025-08-17 13:31:00
8045,35,22,1,20,15,2025-08-17 13:31:00
14124,4,18,1,2,2,2025-08-17 13:31:00
15133,10,16,1,7,3,2025-08-17 13:31:00
15110,17,7,1,16,1,2025-08-17 13:31:00
21006,13,14,1,7,6,2025-08-17 13:31:00
4201,0,1,0,0,0,2025-08-17 13:31:00
44013,3,27,1,0,3,2025-08-17 13:31:00
20131,14,19,1,4,10,2025-08-17 13:31:00
19210,0,29,0,0,0,2025-08-17 13:31:00
21015,4,19,1,3,1,2025-08-17 13:31:00
44003,16,4,1,12,4,2025-08-17 13:31:00
15034,37,16,1,28,9,2025-08-17 13:31:00
5028,17,10,1,15,2,2025-08-17 13:31:00
48010,7,9,1,2,5,2025-08-17 13:31:00
22203,12,16,1,2,10,2025-08-17 13:31:00
41202,3,58,1,0,3,2025-08-17 13:31:00
42021,14,15,1,7,7,2025-08-17 13:31:00
1119,19,4,1,13,6,2025-08-17 13:31:00
35020,5,15,1,0,5,2025-08-17 13:31:00
25003,10,13,1,1,9,2025-08-17 13:31:00
20115,6,13,1,5,1,2025-08-17 13:31:00
31003,5,25,1,2,3,2025-08-17 13:31:00
22402,1,37,1,0,1,2025-08-17 13:31:00
9116,16,7,1,7,9,2025-08-17 13:31:00
6025,4,27,1,2,2,2025-08-17 13:31:00
11030,7,17,1,5,2,2025-08-17 13:31:00
1020,37,2,1,24,13,2025-08-17 13:31:00
11039,24,12,1,14,10,2025-08-17 13:31:00
17013,1,22,1,1,0,2025-08-17 13:31:00
11026,12,33,1,3,9,2025-08-17 13:31:00
32604,11,39,1,11,0,2025-08-17 13:31:00
19024,0,20,1,0,0,2025-08-17 13:31:00
41601,4,21,1,2,2,2025-08-17 13:31:00
23006,5,16,1,2,3,2025-08-17 13:31:00
15021,26,38,1,19,7,2025-08-17 13:31:00
17105,6,36,1,1,5,2025-08-17 13:31:00
9010,2,21,1,1,1,2025-08-17 13:31:00
18028,3,30,1,1,2,2025-08-17 13:31:00
18009,8,14,1,2,6,2025-08-17 13:31:00
11105,7,18,1,3,4,2025-08-17 13:31:00
17125,3,28,1,1,2,2025-08-17 13:31:00
43005,25,25,1,4,21,2025-08-17 13:31:00
16136,18,12,1,13,5,2025-08-17 13:31:00
19032,18,29,1,3,15,2025-08-17 13:31:00
21701,3,25,1,0,3,2025-08-17 13:31:00
16008,11,21,1,6,5,2025-08-17 13:31:00
22003,1,24,1,0,1,2025-08-17 13:31:00
11024,18,29,1,14,4,2025-08-17 13:31:00
19022,5,21,1,0,5,2025-08-17 13:31:00
13050,40,16,1,34,6,2025-08-17 13:31:00
21008,15,18,1,14,1,2025-08-17 13:31:00
20134,1,19,1,1,0,2025-08-17 13:31:00
24001,7,21,1,2,5,2025-08-17 13:31:00
22016,7,19,1,2,5,2025-08-17 13:31:00
14136,1,39,1,0,1,2025-08-17 13:31:00
32302,8,12,1,1,7,2025-08-17 13:31:00
10014,18,35,1,5,13,2025-08-17 13:31:00
11035,2,50,1,1,1,2025-08-17 13:31:00
42010,39,13,1,33,6,2025-08-17 13:31:00
15046,2,27,1,1,1,2025-08-17 13:31:00
46001,15,3,1,11,4,2025-08-17 13:31:00
16040,19,14,1,18,1,2025-08-17 13:31:00
22006,3,24,1,3,0,2025-08-17 13:31:00
17028,8,28,1,8,0,2025-08-17 13:31:00
21301,5,29,1,3,2,2025-08-17 13:31:00
42302,17,3,1,5,12,2025-08-17 13:31:00
19029,7,12,1,2,5,2025-08-17 13:31:00
9032,16,20,1,1,15,2025-08-17 13:31:00
19016,4,27,1,1,3,2025-08-17 13:31:00
32003,12,16,1,5,7,2025-08-17 13:31:00
21104,7,15,1,4,3,2025-08-17 13:31:00
11042,10,38,1,3,7,2025-08-17 13:31:00
32026,17,9,1,15,2,2025-08-17 13:31:00
9005,4,28,1,2,2,2025-08-17 13:31:00
1013,31,36,1,14,17,2025-08-17 13:31:00
8025,2,33,1,1,1,2025-08-17 13:31:00
7102,5,43,1,4,1,2025-08-17 13:31:00
13002,2,25,1,1,1,2025-08-17 13:31:00
12204,27,5,1,23,4,2025-08-17 13:31:00
20121,2,17,1,0,2,2025-08-17 13:31:00
19013,7,26,1,1,6,2025-08-17 13:31:00
42301,19,7,1,4,15,2025-08-17 13:31:00
43003,10,16,1,7,3,2025-08-17 13:31:00
42504,4,26,1,1,3,2025-08-17 13:31:00
26013,8,18,1,7,1,2025-08-17 13:31:00
20111,2,17,1,0,2,2025-08-17 13:31:00
20043,4,23,1,1,3,2025-08-17 13:31:00
42015,8,17,1,0,8,2025-08-17 13:31:00
32016,13,26,1,4,9,2025-08-17 13:31:00
15201,3,35,1,0,3,2025-08-17 13:31:00
31010,4,38,1,3,1,2025-08-17 13:31:00
11004,12,21,1,10,2,2025-08-17 13:31:00
18201,6,27,1,4,2,2025-08-17 13:31:00
92008,29,9,1,9,20,2025-08-17 13:31:00
41402,21,4,1,18,3,2025-08-17 13:31:00
51004,19,10,1,8,11,2025-08-17 13:31:00
18012,3,33,1,2,1,2025-08-17 13:31:00
19125,11,19,1,6,5,2025-08-17 13:31:00
14036,21,24,1,20,1,2025-08-17 13:31:00
12009,8,9,1,5,3,2025-08-17 13:31:00
19205,10,12,1,1,9,2025-08-17 13:31:00
5123,21,6,1,18,3,2025-08-17 13:31:00
11036,22,36,1,13,9,2025-08-17 13:31:00
31203,0,0,0,0,0,2025-08-17 13:31:00
19008,11,15,1,9,2,2025-08-17 13:31:00
9021,3,19,1,1,2,2025-08-17 13:31:00
23009,6,44,1,3,3,2025-08-17 13:31:00
12027,14,2,1,12,2,2025-08-17 13:31:00
42029,20,7,1,1,19,2025-08-17 13:31:00
8035,12,23,1,7,5,2025-08-17 13:31:00
21313,21,4,1,20,1,2025-08-17 13:31:00
17102,10,18,1,7,3,2025-08-17 13:31:00
28001,21,8,1,5,16,2025-08-17 13:31:00
26007,17,3,1,5,12,2025-08-17 13:31:00
11007,47,16,1,45,2,2025-08-17 13:31:00
15025,40,7,1,34,6,2025-08-17 13:31:00
35018,14,9,1,7,7,2025-08-17 13:31:00
18110,8,11,1,4,4,2025-08-17 13:31:00
19005,2,19,1,2,0,2025-08-17 13:31:00
10113,4,37,1,1,3,2025-08-17 13:31:00
41606,1,18,1,1,0,2025-08-17 13:31:00
17011,53,3,1,47,6,2025-08-17 13:31:00
17045,25,20,1,21,4,2025-08-17 13:31:00
43402,37,3,1,32,5,2025-08-17 13:31:00
33018,17,13,1,12,5,2025-08-17 13:31:00
12013,2,13,1,1,1,2025-08-17 13:31:00
11115,6,17,1,2,4,2025-08-17 13:31:00
16111,6,26,1,5,1,2025-08-17 13:31:00
7015,14,33,1,6,8,2025-08-17 13:31:00
5021,21,18,1,20,1,2025-08-17 13:31:00
6013,5,22,1,1,4,2025-08-17 13:31:00
12115,3,27,1,3,0,2025-08-17 13:31:00
21305,6,19,1,4,2,2025-08-17 13:31:00
18204,3,49,1,3,0,2025-08-17 13:31:00
8033,16,26,1,6,10,2025-08-17 13:31:00
16121,28,4,1,10,18,2025-08-17 13:31:00
23001,8,30,1,6,2,2025-08-17 13:31:00
15010,10,21,1,8,2,2025-08-17 13:31:00
41102,20,22,1,4,16,2025-08-17 13:31:00
17037,4,18,1,3,1,2025-08-17 13:31:00
18141,8,9,1,6,2,2025-08-17 13:31:00
5106,0,19,0,0,0,2025-08-17 13:31:00
16124,20,46,1,14,6,2025-08-17 13:31:00
33003,5,43,1,3,2,2025-08-17 13:31:00
33009,29,4,1,16,13,2025-08-17 13:31:00
25005,1,24,1,1,0,2025-08-17 13:31:00
22505,10,12,1,4,6,2025-08-17 13:31:00
13045,18,18,1,4,14,2025-08-17 13:31:00
19115,5,21,1,0,5,2025-08-17 13:31:00
14034,1,22,1,1,0,2025-08-17 13:31:00
32010,11,28,1,5,6,2025-08-17 13:31:00
16018,5,13,1,5,0,2025-08-17 13:31:00
12034,47,1,1,39,8,2025-08-17 13:31:00
15033,4,26,1,3,1,2025-08-17 13:31:00
25008,6,12,1,0,6,2025-08-17 13:31:00
19044,6,44,1,2,4,2025-08-17 13:31:00
24002,9,24,1,2,7,2025-08-17 13:31:00
33001,11,23,1,7,4,2025-08-17 13:31:00
16034,10,23,1,6,4,2025-08-17 13:31:00
41404,21,4,1,14,7,2025-08-17 13:31:00
7009,7,69,1,2,5,2025-08-17 13:31:00
20132,4,22,1,2,2,2025-08-17 13:31:00
42707,12,11,1,1,11,2025-08-17 13:31:00
92003,24,1,1,17,7,2025-08-17 13:31:00
5119,23,17,1,17,6,2025-08-17 13:31:00
35009,6,16,1,0,6,2025-08-17 13:31:00
8055,6,25,1,1,5,2025-08-17 13:31:00
27002,22,8,1,11,11,2025-08-17 13:31:00
21109,28,0,1,15,13,2025-08-17 13:31:00
23701,16,8,1,3,13,2025-08-17 13:31:00
17007,15,39,1,11,4,2025-08-17 13:31:00
21502,4,22,1,3,1,2025-08-17 13:31:00
31012,4,21,1,2,2,2025-08-17 13:31:00
12024,25,10,1,21,4,2025-08-17 13:31:00
16129,2,39,1,2,0,2025-08-17 13:31:00
35019,12,14,1,1,11,2025-08-17 13:31:00
14104,5,18,1,1,4,2025-08-17 13:31:00
20113,3,18,1,2,1,2025-08-17 13:31:00
20119,2,22,1,0,2,2025-08-17 13:31:00
31705,18,32,1,3,15,2025-08-17 13:31:00
6030,11,24,1,7,4,2025-08-17 13:31:00
23802,2,21,1,0,2,2025-08-17 13:31:00
12126,14,37,1,6,8,2025-08-17 13:31:00
20036,3,29,1,0,3,2025-08-17 13:31:00
19019,12,10,1,7,5,2025-08-17 13:31:00
41604,5,25,1,2,3,2025-08-17 13:31:00
15017,5,18,1,2,3,2025-08-17 13:31:00
15029,44,7,1,37,7,2025-08-17 13:31:00
17018,5,12,1,1,4,2025-08-17 13:31:00
18005,14,3,1,0,14,2025-08-17 13:31:00
10005,9,6,1,9,0,2025-08-17 13:31:00
26001,17,7,1,9,8,2025-08-17 13:31:00
18020,2,18,1,0,2,2025-08-17 13:31:00
20136,2,25,1,0,2,2025-08-17 13:31:00
5026,35,13,1,34,1,2025-08-17 13:31:00
43006,25,4,1,12,13,2025-08-17 13:31:00
5002,27,7,1,24,3,2025-08-17 13:31:00
15028,45,24,1,38,7,2025-08-17 13:31:00
8102,5,20,1,0,5,2025-08-17 13:31:00
14018,9,37,1,0,9,2025-08-17 13:31:00
31702,1,15,1,0,1,2025-08-17 13:31:00
7004,9,9,1,7,2,2025-08-17 13:31:00
21013,6,15,1,6,0,2025-08-17 13:31:00
42503,2,28,1,1,1,2025-08-17 13:31:00
21111,10,39,1,8,2,2025-08-17 13:31:00
2010,12,17,1,3,9,2025-08-17 13:31:00
11114,27,5,1,25,2,2025-08-17 13:31:00
5116,36,15,1,26,10,2025-08-17 13:31:00
7006,9,20,1,5,4,2025-08-17 13:31:00
7014,7,34,1,6,1,2025-08-17 13:31:00
8012,4,43,1,0,4,2025-08-17 13:31:00
92004,0,20,0,0,0,2025-08-17 13:31:00
20040,1,25,1,0,1,2025-08-17 13:31:00
17017,4,29,1,1,3,2025-08-17 13:31:00
34002,12,15,1,9,3,2025-08-17 13:31:00
13026,6,28,1,3,3,2025-08-17 13:31:00
23002,3,46,1,0,3,2025-08-17 13:31:00
14139,3,27,1,0,3,2025-08-17 13:31:00
13102,28,23,1,19,9,2025-08-17 13:31:00
11101,27,20,1,26,1,2025-08-17 13:31:00
15055,17,37,1,14,3,2025-08-17 13:31:00
14130,7,23,1,4,3,2025-08-17 13:31:00
10015,18,25,1,12,6,2025-08-17 13:31:00
41207,12,16,1,3,9,2025-08-17 13:31:00
10023,0,14,0,0,0,2025-08-17 13:31:00
12011,33,2,1,31,2,2025-08-17 13:31:00
21308,34,24,1,32,2,2025-08-17 13:31:00
12032,24,12,1,12,12,2025-08-17 13:31:00
19037,16,13,1,4,12,2025-08-17 13:31:00
6103,17,38,1,11,6,2025-08-17 13:31:00
15038,8,55,1,1,7,2025-08-17 13:31:00
21032,13,14,1,13,0,2025-08-17 13:31:00
20021,2,36,1,0,2,2025-08-17 13:31:00
7005,11,41,1,3,8,2025-08-17 13:31:00
6018,9,8,1,2,7,2025-08-17 13:31:00
21019,6,22,1,1,5,2025-08-17 13:31:00
21105,16,9,1,11,5,2025-08-17 13:31:00
27008,4,21,1,1,3,2025-08-17 13:31:00
19109,2,17,1,0,2,2025-08-17 13:31:00
31019,3,35,1,1,2,2025-08-17 13:31:00
32014,25,8,1,17,8,2025-08-17 13:31:00
18032,30,25,1,23,7,2025-08-17 13:31:00
17124,7,19,1,3,4,2025-08-17 13:31:00
44012,3,16,1,0,3,2025-08-17 13:31:00
17027,2,42,1,1,1,2025-08-17 13:31:00
31016,5,31,1,1,4,2025-08-17 13:31:00
51003,5,25,1,4,1,2025-08-17 13:31:00
22101,10,21,1,4,6,2025-08-17 13:31:00
13016,32,2,1,23,9,2025-08-17 13:31:00
13043,32,19,1,28,4,2025-08-17 13:31:00
2009,22,35,1,15,7,2025-08-17 13:31:00
44102,5,21,1,2,3,2025-08-17 13:31:00
9115,0,22,1,0,0,2025-08-17 13:31:00
19039,2,22,1,0,2,2025-08-17 13:31:00
16032,6,15,1,3,3,2025-08-17 13:31:00
21003,12,26,1,9,3,2025-08-17 13:31:00
22001,14,9,1,11,3,2025-08-17 13:31:00
18025,22,16,1,11,11,2025-08-17 13:31:00
17122,4,25,1,0,4,2025-08-17 13:31:00
20027,0,15,1,0,0,2025-08-17 13:31:00
9023,12,21,1,9,3,2025-08-17 13:31:00
14122,5,14,1,4,1,2025-08-17 13:31:00
16123,25,1,1,17,8,2025-08-17 13:31:00
8051,1,14,1,0,1,2025-08-17 13:31:00
31007,12,36,1,3,9,2025-08-17 13:31:00
15108,11,11,1,8,3,2025-08-17 13:31:00
19040,20,21,1,2,18,2025-08-17 13:31:00
17047,6,20,1,5,1,2025-08-17 13:31:00
6016,6,15,1,4,2,2025-08-17 13:31:00
41204,5,14,1,1,4,2025-08-17 13:31:00
17046,8,17,1,4,4,2025-08-17 13:31:00
17121,8,12,1,2,6,2025-08-17 13:31:00
19009,12,17,1,5,7,2025-08-17 13:31:00
18109,7,39,1,1,6,2025-08-17 13:31:00
19038,6,14,1,1,5,2025-08-17 13:31:00
18029,10,29,1,1,9,2025-08-17 13:31:00
21703,3,19,1,0,3,2025-08-17 13:31:00
35017,6,12,1,4,2,2025-08-17 13:31:00
20118,4,20,1,2,2,2025-08-17 13:31:00
16021,5,18,1,2,3,2025-08-17 13:31:00
9031,22,3,1,9,13,2025-08-17 13:31:00
9117,5,25,1,1,4,2025-08-17 13:31:00
20023,3,11,1,0,3,2025-08-17 13:31:00
14002,22,22,1,11,11,2025-08-17 13:31:00
15035,18,25,1,15,3,2025-08-17 13:31:00
18049,14,40,1,3,11,2025-08-17 13:31:00
10020,5,5,1,3,2,2025-08-17 13:31:00
18113,7,17,1,0,7,2025-08-17 13:31:00
34010,6,41,1,1,5,2025-08-17 13:31:00
11041,11,31,1,2,9,2025-08-17 13:31:00
31703,4,22,1,0,4,2025-08-17 13:31:00
35003,8,16,1,3,5,2025-08-17 13:31:00
15031,38,15,1,36,2,2025-08-17 13:31:00
21014,7,15,1,3,4,2025-08-17 13:31:00
5121,23,10,1,10,13,2025-08-17 13:31:00
11006,24,12,1,22,2,2025-08-17 13:31:00
47005,31,5,1,28,3,2025-08-17 13:31:00
19127,5,18,1,0,5,2025-08-17 13:31:00
16015,5,10,1,3,2,2025-08-17 13:31:00
17040,11,37,1,11,0,2025-08-17 13:31:00
1120,23,4,1,7,16,2025-08-17 13:31:00
14112,2,13,1,0,2,2025-08-17 13:31:00
47004,19,0,1,5,14,2025-08-17 13:31:00
9026,5,12,1,1,4,2025-08-17 13:31:00
21001,16,11,1,8,8,2025-08-17 13:31:00
18033,1,33,1,0,1,2025-08-17 13:31:00
11010,3,39,1,0,3,2025-08-17 13:31:00
16122,7,42,1,1,6,2025-08-17 13:31:00
15002,8,8,1,6,2,2025-08-17 13:31:00
21310,15,7,1,13,2,2025-08-17 13:31:00
23007,14,13,1,11,3,2025-08-17 13:31:00
20016,8,25,1,0,8,2025-08-17 13:31:00
32015,22,17,1,14,8,2025-08-17 13:31:00
10010,6,26,1,2,4,2025-08-17 13:31:00
16043,4,10,1,0,4,2025-08-17 13:31:00
16027,5,57,1,2,3,2025-08-17 13:31:00
20116,7,15,1,2,5,2025-08-17 13:31:00
6107,8,15,1,5,3,2025-08-17 13:31:00
16029,24,23,1,20,4,2025-08-17 13:31:00
8019,5,20,1,1,4,2025-08-17 13:31:00
9017,9,20,1,0,9,2025-08-17 13:31:00
18008,1,31,1,0,1,2025-08-17 13:31:00
7008,8,8,1,2,6,2025-08-17 13:31:00
16112,19,18,1,9,10,2025-08-17 13:31:00
42703,6,39,1,0,6,2025-08-17 13:31:00
14030,9,22,1,3,6,2025-08-17 13:31:00
20201,9,11,1,3,6,2025-08-17 13:31:00
13046,33,11,1,26,7,2025-08-17 13:31:00
22102,2,21,1,1,1,2025-08-17 13:31:00
15003,28,37,1,2,26,2025-08-17 13:31:00
4110,19,1,1,13,6,2025-08-17 13:31:00
6032,9,17,1,2,7,2025-08-17 13:31:00
17022,17,29,1,11,6,2025-08-17 13:31:00
7020,19,21,1,10,9,2025-08-17 13:31:00
10036,4,20,1,3,1,2025-08-17 13:31:00
23304,17,15,1,4,13,2025-08-17 13:31:00
6017,5,27,1,4,1,2025-08-17 13:31:00
12161,17,26,1,14,3,2025-08-17 13:31:00
15107,20,1,1,17,3,2025-08-17 13:31:00
9101,3,16,1,2,1,2025-08-17 13:31:00
18017,9,34,1,4,5,2025-08-17 13:31:00
19041,5,37,1,0,5,2025-08-17 13:31:00
11043,16,5,1,14,2,2025-08-17 13:31:00
1117,24,1,1,12,12,2025-08-17 13:31:00
13103,6,44,1,1,5,2025-08-17 13:31:00
15059,0,49,0,0,0,2025-08-17 13:31:00
13010,8,32,1,0,8,2025-08-17 13:31:00
31704,0,29,1,0,0,2025-08-17 13:31:00
32603,0,32,1,0,0,2025-08-17 13:31:00
17201,15,36,1,13,2,2025-08-17 13:31:00
23403,18,3,1,4,14,2025-08-17 13:31:00
23903,13,17,1,11,2,2025-08-17 13:31:00
4013,13,14,1,8,5,2025-08-17 13:31:00
45001,18,3,1,11,7,2025-08-17 13:31:00
31023,6,27,1,1,5,2025-08-17 13:31:00
9118,3,33,1,1,2,2025-08-17 13:31:00
21024,3,19,1,3,0,2025-08-17 13:31:00
10163,15,14,1,3,12,2025-08-17 13:31:00
2001,12,14,1,8,4,2025-08-17 13:31:00
19023,5,18,1,3,2,2025-08-17 13:31:00
20019,3,28,1,0,3,2025-08-17 13:31:00
18137,5,23,1,4,1,2025-08-17 13:31:00
7101,17,32,1,14,3,2025-08-17 13:31:00
18138,5,15,1,2,3,2025-08-17 13:31:00
17116,13,13,1,12,1,2025-08-17 13:31:00
13041,8,42,1,0,8,2025-08-17 13:31:00
7016,20,37,1,19,1,2025-08-17 13:31:00
4011,33,1,1,26,7,2025-08-17 13:31:00
12041,23,37,1,18,5,2025-08-17 13:31:00
12108,47,18,1,28,19,2025-08-17 13:31:00
14006,10,13,1,2,8,2025-08-17 13:31:00
7013,6,36,1,4,2,2025-08-17 13:31:00
8056,7,22,1,1,6,2025-08-17 13:31:00
21311,43,12,1,33,10,2025-08-17 13:31:00
10207,0,1,0,0,0,2025-08-17 13:31:00
21114,10,20,1,3,7,2025-08-17 13:31:00
31013,9,33,1,0,9,2025-08-17 13:31:00
32018,22,3,1,15,7,2025-08-17 13:31:00
17016,6,24,1,3,3,2025-08-17 13:31:00
20202,3,28,1,0,3,2025-08-17 13:31:00
18019,7,44,1,2,5,2025-08-17 13:31:00
11003,26,8,1,25,1,2025-08-17 13:31:00
16202,0,30,0,0,0,2025-08-17 13:31:00
11034,6,42,1,2,4,2025-08-17 13:31:00
9012,4,39,1,1,3,2025-08-17 13:31:00
15020,17,15,1,15,2,2025-08-17 13:31:00
41206,25,8,1,7,18,2025-08-17 13:31:00
13113,9,24,1,2,7,2025-08-17 13:31:00
19031,3,19,1,0,3,2025-08-17 13:31:00
13114,16,6,1,8,8,2025-08-17 13:31:00
15061,11,10,1,9,2,2025-08-17 13:31:00
20017,5,22,1,0,5,2025-08-17 13:31:00
11019,10,22,1,2,8,2025-08-17 13:31:00
23008,13,12,1,12,1,2025-08-17 13:31:00
15063,17,6,1,15,2,2025-08-17 13:31:00
21108,26,25,1,21,5,2025-08-17 13:31:00
6014,8,14,1,7,1,2025-08-17 13:31:00
14116,6,18,1,5,1,2025-08-17 13:31:00
31018,10,23,1,3,7,2025-08-17 13:31:00
47002,21,0,1,9,12,2025-08-17 13:31:00
33005,14,18,1,8,6,2025-08-17 13:31:00
2110,12,16,1,5,7,2025-08-17 13:31:00
7026,11,14,1,9,2,2025-08-17 13:31:00
1016,19,4,1,15,4,2025-08-17 13:31:00
8015,17,35,1,13,4,2025-08-17 13:31:00
5019,17,8,1,12,5,2025-08-17 13:31:00
14007,6,28,1,3,3,2025-08-17 13:31:00
10164,2,32,1,0,2,2025-08-17 13:31:00
11107,26,18,1,25,1,2025-08-17 13:31:00
9113,4,26,1,2,2,2025-08-17 13:31:00
20103,2,23,1,1,1,2025-08-17 13:31:00
2014,20,12,1,15,5,2025-08-17 13:31:00
4109,9,5,1,5,4,2025-08-17 13:31:00
3101,14,20,1,12,2,2025-08-17 13:31:00
45504,0,1,0,0,0,2025-08-17 13:31:00
8049,6,16,1,2,4,2025-08-17 13:31:00
11048,37,5,1,32,5,2025-08-17 13:31:00
2101,16,17,1,15,1,2025-08-17 13:31:00
12154,11,27,1,5,6,2025-08-17 13:31:00
22017,3,25,1,1,2,2025-08-17 13:31:00
19021,7,20,1,2,5,2025-08-17 13:31:00
8105,14,17,1,2,12,2025-08-17 13:31:00
17104,9,13,1,5,4,2025-08-17 13:31:00
19030,3,25,1,2,1,2025-08-17 13:31:00
21004,3,27,1,3,0,2025-08-17 13:31:00
22002,3,22,1,2,1,2025-08-17 13:31:00
35008,4,24,1,2,2,2025-08-17 13:31:00
13022,4,28,1,3,1,2025-08-17 13:31:00
20045,2,27,1,0,2,2025-08-17 13:31:00
13019,31,5,1,29,2,2025-08-17 13:31:00
11044,8,11,1,7,1,2025-08-17 13:31:00
5030,13,33,1,8,5,2025-08-17 13:31:00
16041,10,36,1,8,2,2025-08-17 13:31:00
21952,12,29,1,10,2,2025-08-17 13:31:00
9015,12,17,1,7,5,2025-08-17 13:31:00
8029,21,37,1,11,10,2025-08-17 13:31:00
17033,4,26,1,1,3,2025-08-17 13:31:00
11110,7,45,1,3,4,2025-08-17 13:31:00
16031,2,19,1,0,2,2025-08-17 13:31:00
12153,53,2,1,41,12,2025-08-17 13:31:00
2201,0,30,0,0,0,2025-08-17 13:31:00
17005,1,52,1,0,1,2025-08-17 13:31:00
21017,20,34,1,19,1,2025-08-17 13:31:00
14127,13,25,1,6,7,2025-08-17 13:31:00
14016,46,8,1,16,30,2025-08-17 13:31:00
12033,65,0,1,56,9,2025-08-17 13:31:00
22012,10,14,1,10,0,2025-08-17 13:31:00
18142,12,19,1,2,10,2025-08-17 13:31:00
12120,6,43,1,2,4,2025-08-17 13:31:00
18035,26,11,1,18,8,2025-08-17 13:31:00
13110,7,15,1,0,7,2025-08-17 13:31:00
23105,2,31,1,0,2,2025-08-17 13:31:00
15009,15,27,1,14,1,2025-08-17 13:31:00
23005,12,14,1,4,8,2025-08-17 13:31:00
21120,17,13,1,11,6,2025-08-17 13:31:00
20117,0,31,1,0,0,2025-08-17 13:31:00
48009,18,12,1,0,18,2025-08-17 13:31:00
14125,5,19,1,3,2,2025-08-17 13:31:00
21009,14,31,1,14,0,2025-08-17 13:31:00
31017,11,9,1,0,11,2025-08-17 13:31:00
13047,38,10,1,32,6,2025-08-17 13:31:00
44103,15,3,1,7,8,2025-08-17 13:31:00
4107,18,0,1,6,12,2025-08-17 13:31:00
22403,16,7,1,9,7,2025-08-17 13:31:00
42011,12,15,1,4,8,2025-08-17 13:31:00
20047,3,45,1,2,1,2025-08-17 13:31:00
9013,6,17,1,3,3,2025-08-17 13:31:00
18114,2,20,1,1,1,2025-08-17 13:31:00
21951,2,20,1,0,2,2025-08-17 13:31:00
92005,5,38,1,3,2,2025-08-17 13:31:00
22103,5,19,1,3,2,2025-08-17 13:31:00
19113,7,21,1,0,7,2025-08-17 13:31:00
14128,8,21,1,3,5,2025-08-17 13:31:00
10039,0,23,1,0,0,2025-08-17 13:31:00
19036,12,20,1,3,9,2025-08-17 13:31:00
31101,3,15,1,0,3,2025-08-17 13:31:00
31026,4,15,1,0,4,2025-08-17 13:31:00
17001,4,48,1,1,3,2025-08-17 13:31:00
12129,13,22,1,8,5,2025-08-17 13:31:00
35004,9,50,1,2,7,2025-08-17 13:31:00
31707,12,35,1,5,7,2025-08-17 13:31:00
8011,2,12,1,1,1,2025-08-17 13:31:00
13020,25,17,1,24,1,2025-08-17 13:31:00
19124,7,24,1,1,6,2025-08-17 13:31:00
7010,14,51,1,2,12,2025-08-17 13:31:00
14113,5,33,1,4,1,2025-08-17 13:31:00
35015,17,2,1,4,13,2025-08-17 13:31:00
32021,13,51,1,4,9,2025-08-17 13:31:00
15019,9,28,1,5,4,2025-08-17 13:31:00
20203,6,14,1,0,6,2025-08-17 13:31:00
7024,28,1,1,19,9,2025-08-17 13:31:00
20004,6,11,1,1,5,2025-08-17 13:31:00
12150,27,0,1,24,3,2025-08-17 13:31:00
11031,26,13,1,21,5,2025-08-17 13:31:00
12125,20,29,1,6,14,2025-08-17 13:31:00
13515,13,45,1,11,2,2025-08-17 13:31:00
9016,5,10,1,2,3,2025-08-17 13:31:00
15131,12,35,1,9,3,2025-08-17 13:31:00
10037,8,16,1,5,3,2025-08-17 13:31:00
9036,1,19,1,0,1,2025-08-17 13:31:00
15125,22,29,1,8,14,2025-08-17 13:31:00
13117,19,20,1,1,18,2025-08-17 13:31:00
13027,4,11,1,0,4,2025-08-17 13:31:00
17029,10,26,1,5,5,2025-08-17 13:31:00
10004,45,1,1,33,12,2025-08-17 13:31:00
21118,10,6,1,7,3,2025-08-17 13:31:00
11103,28,10,1,21,7,2025-08-17 13:31:00
20039,7,43,1,4,3,2025-08-17 13:31:00
21203,11,16,1,0,11,2025-08-17 13:31:00
5034,13,54,1,8,5,2025-08-17 13:31:00
10017,7,8,1,3,4,2025-08-17 13:31:00
21316,3,21,1,0,3,2025-08-17 13:31:00
19025,7,14,1,2,5,2025-08-17 13:31:00
16009,8,9,1,2,6,2025-08-17 13:31:00
21029,7,22,1,2,5,2025-08-17 13:31:00
16003,2,27,1,2,0,2025-08-17 13:31:00
12006,34,5,1,23,11,2025-08-17 13:31:00
16014,19,5,1,4,15,2025-08-17 13:31:00
16007,7,3,1,3,4,2025-08-17 13:31:00
22013,5,25,1,4,1,2025-08-17 13:31:00
10110,5,22,1,0,5,2025-08-17 13:31:00
21115,6,26,1,5,1,2025-08-17 13:31:00
21708,19,11,1,6,13,2025-08-17 13:31:00
21307,23,7,1,19,4,2025-08-17 13:31:00
41210,2,18,1,0,2,2025-08-17 13:31:00
21702,8,42,1,2,6,2025-08-17 13:31:00
42304,13,7,1,12,1,2025-08-17 13:31:00
11109,5,17,1,5,0,2025-08-17 13:31:00
15052,13,35,1,8,5,2025-08-17 13:31:00
31021,4,25,1,0,4,2025-08-17 13:31:00
44002,15,10,1,3,12,2025-08-17 13:31:00
16115,25,17,1,21,4,2025-08-17 13:31:00
15123,24,20,1,15,9,2025-08-17 13:31:00
13039,12,6,1,5,7,2025-08-17 13:31:00
21030,5,15,1,1,4,2025-08-17 13:31:00
21031,2,38,1,2,0,2025-08-17 13:31:00
16024,15,7,1,13,2,2025-08-17 13:31:00
15043,4,6,1,2,2,2025-08-17 13:31:00
17039,11,27,1,11,0,2025-08-17 13:31:00
22604,13,20,1,1,12,2025-08-17 13:31:00
20009,6,14,1,0,6,2025-08-17 13:31:00
42305,9,9,1,3,6,2025-08-17 13:31:00
11032,10,36,1,3,7,2025-08-17 13:31:00
21955,13,13,1,12,1,2025-08-17 13:31:00
16101,4,24,1,3,1,2025-08-17 13:31:00
13121,38,7,1,38,0,2025-08-17 13:31:00
8001,23,23,1,16,7,2025-08-17 13:31:00
10012,1,24,1,0,1,2025-08-17 13:31:00
13048,14,12,1,11,3,2025-08-17 13:31:00
21028,11,22,1,8,3,2025-08-17 13:31:00
4003,18,3,1,10,8,2025-08-17 13:31:00
10018,4,24,1,3,1,2025-08-17 13:31:00
32301,1,16,1,0,1,2025-08-17 13:31:00
20108,3,20,1,1,2,2025-08-17 13:31:00
21219,3,32,1,2,1,2025-08-17 13:31:00
4001,28,1,1,16,12,2025-08-17 13:31:00
31025,5,30,1,0,5,2025-08-17 13:31:00
5014,10,18,1,7,3,2025-08-17 13:31:00
23902,33,12,1,14,19,2025-08-17 13:31:00
20007,8,41,1,2,6,2025-08-17 13:31:00
13033,4,9,1,0,4,2025-08-17 13:31:00
42701,10,20,1,0,10,2025-08-17 13:31:00
20122,0,23,1,0,0,2025-08-17 13:31:00
16020,25,11,1,18,7,2025-08-17 13:31:00
13126,11,6,1,9,2,2025-08-17 13:31:00
14101,8,25,1,3,5,2025-08-17 13:31:00
17015,3,44,1,3,0,2025-08-17 13:31:00
15023,21,13,1,16,5,2025-08-17 13:31:00
22501,8,11,1,5,3,2025-08-17 13:31:00
42003,13,16,1,9,4,2025-08-17 13:31:00
8549,10,14,1,0,10,2025-08-17 13:31:00
13011,2,9,1,0,2,2025-08-17 13:31:00
40009,7,23,1,3,4,2025-08-17 13:31:00
12043,31,9,1,18,13,2025-08-17 13:31:00
15072,30,2,1,19,11,2025-08-17 13:31:00
23003,11,16,1,10,1,2025-08-17 13:31:00
14131,8,20,1,1,7,2025-08-17 13:31:00
17023,7,29,1,3,4,2025-08-17 13:31:00
19108,12,25,1,4,8,2025-08-17 13:31:00
44007,16,5,1,9,7,2025-08-17 13:31:00
4002,16,6,1,6,10,2025-08-17 13:31:00
10105,14,10,1,10,4,2025-08-17 13:31:00
17003,8,36,1,4,4,2025-08-17 13:31:00
42501,16,12,1,12,4,2025-08-17 13:31:00
6008,2,31,1,0,2,2025-08-17 13:31:00
13109,17,4,1,13,4,2025-08-17 13:31:00
21204,6,25,1,2,4,2025-08-17 13:31:00
42209,13,4,1,8,5,2025-08-17 13:31:00
22206,12,18,1,1,11,2025-08-17 13:31:00
11021,6,17,1,3,3,2025-08-17 13:31:00
21217,4,21,1,1,3,2025-08-17 13:31:00
15030,66,1,1,57,9,2025-08-17 13:31:00
9114,1,29,1,0,1,2025-08-17 13:31:00
16011,4,36,1,0,4,2025-08-17 13:31:00
12007,42,3,1,24,18,2025-08-17 13:31:00
25001,22,10,1,13,9,2025-08-17 13:31:00
35007,6,15,1,2,4,2025-08-17 13:31:00
47001,37,9,1,32,5,2025-08-17 13:31:00
44101,38,1,1,25,13,2025-08-17 13:31:00
13032,5,21,1,1,4,2025-08-17 13:31:00
10165,4,33,1,0,4,2025-08-17 13:31:00
15064,35,9,1,23,12,2025-08-17 13:31:00
14010,22,19,1,6,16,2025-08-17 13:31:00
43001,15,7,1,6,9,2025-08-17 13:31:00
13128,25,5,1,18,7,2025-08-17 13:31:00
8020,3,40,1,1,2,2025-08-17 13:31:00
18003,6,37,1,0,6,2025-08-17 13:31:00
22303,23,4,1,7,16,2025-08-17 13:31:00
40005,24,1,1,14,10,2025-08-17 13:31:00
92001,19,1,1,15,4,2025-08-17 13:31:00
17107,6,31,1,3,3,2025-08-17 13:31:00
15057,17,22,1,17,0,2025-08-17 13:31:00
16002,4,34,1,4,0,2025-08-17 13:31:00
15004,1,20,1,0,1,2025-08-17 13:31:00
23010,6,16,1,2,4,2025-08-17 13:31:00
6027,11,20,1,9,2,2025-08-17 13:31:00
18007,5,14,1,1,4,2025-08-17 13:31:00
19128,13,17,1,8,5,2025-08-17 13:31:00
15005,4,38,1,0,4,2025-08-17 13:31:00
18006,19,16,1,14,5,2025-08-17 13:31:00
21401,18,15,1,0,18,2025-08-17 13:31:00
13044,11,24,1,3,8,2025-08-17 13:31:00
9027,5,20,1,1,4,2025-08-17 13:31:00
17108,16,16,1,5,11,2025-08-17 13:31:00
8037,2,36,1,1,1,2025-08-17 13:31:00
4020,13,8,1,7,6,2025-08-17 13:31:00
15022,31,10,1,19,12,2025-08-17 13:31:00
23004,8,26,1,7,1,2025-08-17 13:31:00
22408,2,18,1,0,2,2025-08-17 13:31:00
5012,10,6,1,4,6,2025-08-17 13:31:00
11017,1,46,1,0,1,2025-08-17 13:31:00
21306,26,33,1,21,5,2025-08-17 13:31:00
43010,0,25,0,0,0,2025-08-17 13:31:00
1021,17,1,1,4,13,2025-08-17 13:31:00
33015,20,10,1,19,1,2025-08-17 13:31:00
7017,12,28,1,5,7,2025-08-17 13:31:00
35006,11,11,1,3,8,2025-08-17 13:31:00
41205,2,18,1,0,2,2025-08-17 13:31:00
22015,18,3,1,10,8,2025-08-17 13:31:00
12018,12,21,1,7,5,2025-08-17 13:31:00
44005,12,8,1,7,5,2025-08-17 13:31:00
17119,2,30,1,1,1,2025-08-17 13:31:00
15011,41,19,1,38,3,2025-08-17 13:31:00
9004,3,17,1,2,1,2025-08-17 13:31:00
51002,10,16,1,5,5,2025-08-17 13:31:00
32601,17,21,1,4,13,2025-08-17 13:31:00
33016,7,14,1,2,5,2025-08-17 13:31:00
12026,46,5,1,37,9,2025-08-17 13:31:00
10162,6,16,1,5,1,2025-08-17 13:31:00
6012,12,6,1,3,9,2025-08-17 13:31:00
13009,6,20,1,1,5,2025-08-17 13:31:00
27005,14,6,1,5,9,2025-08-17 13:31:00
44016,24,2,1,10,14,2025-08-17 13:31:00
15071,23,0,1,14,9,2025-08-17 13:31:00
9024,22,31,1,17,5,2025-08-17 13:31:00
8201,6,23,1,5,1,2025-08-17 13:31:00
15311,14,16,1,14,0,2025-08-17 13:31:00
17111,4,20,1,2,2,2025-08-17 13:31:00
9102,7,18,1,6,1,2025-08-17 13:31:00
9006,3,13,1,1,2,2025-08-17 13:31:00
8116,0,25,0,0,0,2025-08-17 13:31:00
18030,16,21,1,2,14,2025-08-17 13:31:00
92006,21,8,1,6,15,2025-08-17 13:31:00
5024,17,3,1,13,4,2025-08-17 13:31:00
31005,12,33,1,6,6,2025-08-17 13:31:00
21314,13,16,1,11,2,2025-08-17 13:31:00
12038,4,54,1,1,3,2025-08-17 13:31:00
12005,24,15,1,23,1,2025-08-17 13:31:00
13516,16,24,1,13,3,2025-08-17 13:31:00
12155,39,3,1,29,10,2025-08-17 13:31:00
9011,5,15,1,2,3,2025-08-17 13:31:00
9034,21,1,1,21,0,2025-08-17 13:31:00
12028,8,17,1,1,7,2025-08-17 13:31:00
12035,25,21,1,23,2,2025-08-17 13:31:00
10021,1,12,1,0,1,2025-08-17 13:31:00
5115,28,2,1,24,4,2025-08-17 13:31:00
41211,7,26,1,1,6,2025-08-17 13:31:00
44011,1,26,1,0,1,2025-08-17 13:31:00
2108,13,24,1,3,10,2025-08-17 13:31:00
12101,16,9,1,13,3,2025-08-17 13:31:00
21707,6,17,1,3,3,2025-08-17 13:31:00
4019,20,12,1,4,16,2025-08-17 13:31:00
21319,4,20,1,3,1,2025-08-17 13:31:00
5001,30,12,1,24,6,2025-08-17 13:31:00
15129,13,27,1,12,1,2025-08-17 13:31:00
3102,28,33,1,22,6,2025-08-17 13:31:00
51001,24,15,1,10,14,2025-08-17 13:31:00
8027,3,11,1,1,2,2025-08-17 13:31:00
15039,1,11,1,1,0,2025-08-17 13:31:00
21315,5,19,1,0,5,2025-08-17 13:31:00
23102,3,27,1,2,1,2025-08-17 13:31:00
6022,14,7,1,6,8,2025-08-17 13:31:00
15006,4,34,1,1,3,2025-08-17 13:31:00
21402,3,24,1,1,2,2025-08-17 13:31:00
13052,32,12,1,25,7,2025-08-17 13:31:00
41403,17,3,1,11,6,2025-08-17 13:31:00
13018,16,9,1,11,5,2025-08-17 13:31:00
21303,4,27,1,3,1,2025-08-17 13:31:00
33014,8,10,1,6,2,2025-08-17 13:31:00
9007,7,13,1,1,6,2025-08-17 13:31:00
15127,30,6,1,26,4,2025-08-17 13:31:00
15070,28,7,1,26,2,2025-08-17 13:31:00
20105,8,22,1,4,4,2025-08-17 13:31:00
33103,2,22,1,2,0,2025-08-17 13:31:00
14032,11,19,1,8,3,2025-08-17 13:31:00
14011,14,25,1,7,7,2025-08-17 13:31:00
41401,13,13,1,12,1,2025-08-17 13:31:00
6002,12,8,1,8,4,2025-08-17 13:31:00
14031,6,16,1,1,5,2025-08-17 13:31:00
20044,4,24,1,1,3,2025-08-17 13:31:00
16019,2,34,1,2,0,2025-08-17 13:31:00
33012,24,6,1,13,11,2025-08-17 13:31:00
2013,9,8,1,6,3,2025-08-17 13:31:00
17024,5,18,1,0,5,2025-08-17 13:31:00
10019,8,21,1,5,3,2025-08-17 13:31:00
11033,23,8,1,15,8,2025-08-17 13:31:00
41203,2,46,1,1,1,2025-08-17 13:31:00
10033,9,13,1,1,8,2025-08-17 13:31:00
18039,4,16,1,1,3,2025-08-17 13:31:00
20022,1,32,1,0,1,2025-08-17 13:31:00
12036,16,25,1,6,10,2025-08-17 13:31:00
14026,11,34,1,9,2,2025-08-17 13:31:00
10008,15,1,1,14,1,2025-08-17 13:31:00
16012,15,27,1,14,1,2025-08-17 13:31:00
16036,11,49,1,4,7,2025-08-17 13:31:00
42505,24,6,1,21,3,2025-08-17 13:31:00
10032,8,21,1,4,4,2025-08-17 13:31:00
12015,7,27,1,6,1,2025-08-17 13:31:00
48004,1,19,1,0,1,2025-08-17 13:31:00
14001,14,12,1,5,9,2025-08-17 13:31:00
26004,4,18,1,4,0,2025-08-17 13:31:00
18139,6,22,1,2,4,2025-08-17 13:31:00
16042,10,28,1,7,3,2025-08-17 13:31:00
1006,15,17,1,6,9,2025-08-17 13:31:00
15001,39,3,1,21,18,2025-08-17 13:31:00
15008,25,36,1,24,1,2025-08-17 13:31:00
19110,8,22,1,0,8,2025-08-17 13:31:00
22201,4,26,1,0,4,2025-08-17 13:31:00
11112,8,15,1,5,3,2025-08-17 13:31:00
5007,12,23,1,9,3,2025-08-17 13:31:00
16105,3,27,1,3,0,2025-08-17 13:31:00
8117,38,4,1,25,13,2025-08-17 13:31:00
4006,50,2,1,49,1,2025-08-17 13:31:00
18202,4,34,1,2,2,2025-08-17 13:31:00
3008,21,13,1,15,6,2025-08-17 13:31:00
6010,4,11,1,3,1,2025-08-17 13:31:00
5015,23,40,1,17,6,2025-08-17 13:31:00
45002,22,5,1,8,14,2025-08-17 13:31:00
15128,19,17,1,16,3,2025-08-17 13:31:00
44014,4,21,1,1,3,2025-08-17 13:31:00
12037,1,35,1,1,0,2025-08-17 13:31:00
1007,16,0,1,11,5,2025-08-17 13:31:00
21309,29,9,1,23,6,2025-08-17 13:31:00
18004,6,5,1,3,3,2025-08-17 13:31:00
16013,9,26,1,3,6,2025-08-17 13:31:00
7012,4,22,1,4,0,2025-08-17 13:31:00
20008,6,26,1,2,4,2025-08-17 13:31:00
18034,6,26,1,0,6,2025-08-17 13:31:00
12019,6,22,1,2,4,2025-08-17 13:31:00
20104,0,22,1,0,0,2025-08-17 13:31:00
14135,6,33,1,1,5,2025-08-17 13:31:00
8110,3,29,1,2,1,2025-08-17 13:31:00
20024,2,27,1,0,2,2025-08-17 13:31:00
3010,14,3,1,3,11,2025-08-17 13:31:00
12156,6,17,1,5,1,2025-08-17 13:31:00
18140,31,8,1,16,15,2025-08-17 13:31:00
19002,2,39,1,2,0,2025-08-17 13:31:00
9009,2,19,1,1,1,2025-08-17 13:31:00
10034,3,16,1,1,2,2025-08-17 13:31:00
6104,8,48,1,3,5,2025-08-17 13:31:00
16102,13,14,1,10,3,2025-08-17 13:31:00
4021,19,6,1,9,10,2025-08-17 13:31:00
20034,3,20,1,0,3,2025-08-17 13:31:00
13005,31,15,1,30,1,2025-08-17 13:31:00
20001,14,22,1,8,6,2025-08-17 13:31:00
17019,6,13,1,5,1,2025-08-17 13:31:00
19201,7,16,1,2,5,2025-08-17 13:31:00
19010,8,11,1,3,5,2025-08-17 13:31:00
22301,14,8,1,7,7,2025-08-17 13:31:00
15132,5,15,1,1,4,2025-08-17 13:31:00
41405,23,1,1,10,13,2025-08-17 13:31:00
20006,5,7,1,4,1,2025-08-17 13:31:00
10011,8,8,1,5,3,2025-08-17 13:31:00
21953,5,15,1,0,5,2025-08-17 13:31:00
14137,15,14,1,3,12,2025-08-17 13:31:00
14019,8,14,1,3,5,2025-08-17 13:31:00
3011,18,11,1,14,4,2025-08-17 13:31:00
31709,6,16,1,1,5,2025-08-17 13:31:00
8028,16,35,1,0,16,2025-08-17 13:31:00
10027,14,3,1,1,13,2025-08-17 13:31:00
10006,19,8,1,8,11,2025-08-17 13:31:00
22401,3,30,1,1,2,2025-08-17 13:31:00
12002,10,6,1,5,5,2025-08-17 13:31:00
21506,1,21,1,0,1,2025-08-17 13:31:00
4103,22,2,1,10,12,2025-08-17 13:31:00
14103,5,22,1,1,4,2025-08-17 13:31:00
3001,24,27,1,21,3,2025-08-17 13:31:00
9037,2,22,1,1,1,2025-08-17 13:31:00
7021,27,0,1,19,8,2025-08-17 13:31:00
2015,15,17,1,7,8,2025-08-17 13:31:00
21026,11,19,1,8,3,2025-08-17 13:31:00
32013,12,12,1,7,5,2025-08-17 13:31:00
20029,5,18,1,1,4,2025-08-17 13:31:00
2003,27,2,1,24,3,2025-08-17 13:31:00
22503,10,9,1,1,9,2025-08-17 13:31:00
1102,34,3,1,32,2,2025-08-17 13:31:00
13017,7,25,1,2,5,2025-08-17 13:31:00
15111,3,22,1,0,3,2025-08-17 13:31:00
12020,9,36,1,4,5,2025-08-17 13:31:00
2021,15,43,1,14,1,2025-08-17 13:31:00
24006,7,31,1,2,5,2025-08-17 13:31:00
3009,17,2,1,8,9,2025-08-17 13:31:00
14132,9,21,1,3,6,2025-08-17 13:31:00
4014,15,14,1,7,8,2025-08-17 13:31:00
21110,13,22,1,6,7,2025-08-17 13:31:00
2005,16,0,1,9,7,2025-08-17 13:31:00
3012,9,14,1,7,2,2025-08-17 13:31:00
23702,9,11,1,0,9,2025-08-17 13:31:00
14022,3,31,1,1,2,2025-08-17 13:31:00
2002,21,7,1,12,9,2025-08-17 13:31:00
19012,2,26,1,0,2,2025-08-17 13:31:00
31001,8,18,1,4,4,2025-08-17 13:31:00
21507,1,19,1,0,1,2025-08-17 13:31:00
22306,16,4,1,7,9,2025-08-17 13:31:00
14023,14,38,1,3,11,2025-08-17 13:31:00
22502,2,18,1,0,2,2025-08-17 13:31:00
3006,27,5,1,25,2,2025-08-17 13:31:00
4015,41,1,1,30,11,2025-08-17 13:31:00
3003,25,4,1,21,4,2025-08-17 13:31:00
19111,14,24,1,3,11,2025-08-17 13:31:00
9111,3,17,1,0,3,2025-08-17 13:31:00
5122,13,15,1,5,8,2025-08-17 13:31:00
13125,18,36,1,15,3,2025-08-17 13:31:00
8036,5,41,1,3,2,2025-08-17 13:31:00
6031,16,17,1,15,1,2025-08-17 13:31:00
48005,8,15,1,2,6,2025-08-17 13:31:00
14133,10,25,1,7,3,2025-08-17 13:31:00
4012,21,5,1,15,6,2025-08-17 13:31:00
21215,7,26,1,5,2,2025-08-17 13:31:00
41208,17,4,1,12,5,2025-08-17 13:31:00
42704,4,21,1,0,4,2025-08-17 13:31:00
21706,5,38,1,0,5,2025-08-17 13:31:00
1014,14,10,1,11,3,2025-08-17 13:31:00
4017,12,2,1,7,5,2025-08-17 13:31:00
26006,19,11,1,15,4,2025-08-17 13:31:00
42211,11,15,1,5,6,2025-08-17 13:31:00
42026,5,35,1,3,2,2025-08-17 13:31:00
12163,14,28,1,6,8,2025-08-17 13:31:00
3002,15,1,1,12,3,2025-08-17 13:31:00
21509,3,21,1,0,3,2025-08-17 13:31:00
13054,48,29,1,31,17,2025-08-17 13:31:00
1012,19,2,1,16,3,2025-08-17 13:31:00
2004,12,3,1,10,2,2025-08-17 13:31:00
19130,15,11,1,6,9,2025-08-17 13:31:00
35012,2,23,1,0,2,2025-08-17 13:31:00
21505,8,16,1,8,0,2025-08-17 13:31:00
2016,12,6,1,10,2,2025-08-17 13:31:00
4018,20,11,1,12,8,2025-08-17 13:31:00
16044,20,12,1,11,9,2025-08-17 13:31:00
44001,25,4,1,16,9,2025-08-17 13:31:00
4007,33,1,1,29,4,2025-08-17 13:31:00
5004,3,16,1,2,1,2025-08-17 13:31:00
4009,26,1,1,22,4,2025-08-17 13:31:00
10041,6,10,1,0,6,2025-08-17 13:31:00
2012,10,1,1,7,3,2025-08-17 13:31:00
4101,16,5,1,3,13,2025-08-17 13:31:00
33020,16,15,1,12,4,2025-08-17 13:31:00
32019,25,4,1,16,9,2025-08-17 13:31:00
9039,16,11,1,9,7,2025-08-17 13:31:00
22506,14,4,1,3,11,2025-08-17 13:31:00
1025,16,0,1,7,9,2025-08-17 13:31:00
1018,16,3,1,11,5,2025-08-17 13:31:00
2008,10,18,1,7,3,2025-08-17 13:31:00
1026,29,1,1,26,3,2025-08-17 13:31:00
23101,4,21,1,0,4,2025-08-17 13:31:00
18015,19,22,1,4,15,2025-08-17 13:31:00
17106,23,1,1,16,7,2025-08-17 13:31:00
1116,9,18,1,4,5,2025-08-17 13:31:00
32024,8,18,1,5,3,2025-08-17 13:31:00
1017,18,2,1,10,8,2025-08-17 13:31:00
15040,4,32,1,2,2,2025-08-17 13:31:00
23107,3,19,1,1,2,2025-08-17 13:31:00
6201,16,6,1,12,4,2025-08-17 13:31:00
6026,10,56,1,3,7,2025-08-17 13:31:00
22601,11,11,1,4,7,2025-08-17 13:31:00
42018,7,24,1,0,7,2025-08-17 13:31:00
1023,28,4,1,20,8,2025-08-17 13:31:00
48008,28,1,1,1,27,2025-08-17 13:31:00
19202,28,17,1,11,17,2025-08-17 13:31:00
14201,3,27,1,1,2,2025-08-17 13:31:00
5003,3,32,1,1,2,2025-08-17 13:31:00
17021,2,31,1,1,1,2025-08-17 13:31:00
43403,19,20,1,6,13,2025-08-17 13:31:00
12164,7,19,1,0,7,2025-08-17 13:31:00
27001,5,14,0,3,2,2025-08-17 13:31:00
12203,32,9,1,26,6,2025-08-17 13:31:00
3007,25,3,1,24,1,2025-08-17 13:31:00
31020,13,21,1,3,10,2025-08-17 13:31:00
28005,15,12,1,5,10,2025-08-17 13:31:00
35005,12,15,1,4,8,2025-08-17 13:31:00
18112,11,14,1,9,2,2025-08-17 13:31:00
16139,15,15,1,6,9,2025-08-17 13:31:00
6007,8,16,1,3,5,2025-08-17 13:31:00
42028,15,13,1,4,11,2025-08-17 13:31:00
12166,13,11,1,0,13,2025-08-17 13:31:00
22603,1,33,1,0,1,2025-08-17 13:31:00
12113,20,25,1,17,3,2025-08-17 13:31:00
21119,16,8,1,14,2,2025-08-17 13:31:00
16010,10,13,1,6,4,2025-08-17 13:31:00
16201,18,47,1,17,1,2025-08-17 13:31:00
23042,21,9,1,13,8,2025-08-17 13:31:00
42019,41,2,1,39,2,2025-08-17 13:31:00
32020,11,4,1,7,4,2025-08-17 13:31:00
27006,13,9,1,6,7,2025-08-17 13:31:00
1015,31,5,1,25,6,2025-08-17 13:31:00
1008,28,2,1,23,5,2025-08-17 13:31:00
2006,7,17,1,1,6,2025-08-17 13:31:00
9019,6,12,1,0,6,2025-08-17 13:31:00
44004,24,3,1,21,3,2025-08-17 13:31:00
1024,21,0,1,19,2,2025-08-17 13:31:00
19046,22,9,1,10,12,2025-08-17 13:31:00
2102,2,35,1,0,2,2025-08-17 13:31:00
2020,14,6,1,5,9,2025-08-17 13:31:00
10201,4,15,1,0,4,2025-08-17 13:31:00
6029,10,16,1,2,8,2025-08-17 13:31:00
12016,7,28,1,3,4,2025-08-17 13:31:00
23301,21,5,1,20,1,2025-08-17 13:31:00
42210,14,17,1,10,4,2025-08-17 13:31:00
34013,18,9,1,4,14,2025-08-17 13:31:00
44008,29,4,1,21,8,2025-08-17 13:31:00
23104,28,0,1,17,11,2025-08-17 13:31:00
21011,6,17,1,3,3,2025-08-17 13:31:00
20140,8,13,1,3,5,2025-08-17 13:31:00
48012,12,14,1,2,10,2025-08-17 13:31:00
23303,13,17,1,0,13,2025-08-17 13:31:00
20010,6,28,1,4,2,2025-08-17 13:31:00
42022,33,3,1,33,0,2025-08-17 13:31:00
15018,4,52,1,1,3,2025-08-17 13:31:00
26012,14,4,1,6,8,2025-08-17 13:31:00
20048,11,17,1,0,11,2025-08-17 13:31:00
10166,11,0,1,9,2,2025-08-17 13:31:00
45004,33,3,1,8,25,2025-08-17 13:31:00
23202,2,15,1,0,2,2025-08-17 13:31:00
13049,21,1,1,18,3,2025-08-17 13:31:00
6015,16,39,1,8,8,2025-08-17 13:31:00
32605,8,12,1,0,8,2025-08-17 13:31:00
17202,2,17,1,1,1,2025-08-17 13:31:00
8202,1,26,1,1,0,2025-08-17 13:31:00
32011,14,30,1,6,8,2025-08-17 13:31:00
17020,4,23,1,2,2,2025-08-17 13:31:00
12202,34,5,1,28,6,2025-08-17 13:31:00
23206,7,21,1,3,4,2025-08-17 13:31:00
8040,7,23,1,0,7,2025-08-17 13:31:00
10202,8,22,1,4,4,2025-08-17 13:31:00
42030,21,8,1,13,8,2025-08-17 13:31:00
8018,11,34,1,6,5,2025-08-17 13:31:00
20142,5,14,1,1,4,2025-08-17 13:31:00
18010,6,30,1,5,1,2025-08-17 13:31:00
48001,13,11,1,0,13,2025-08-17 13:31:00
51008,9,29,1,0,9,2025-08-17 13:31:00
18135,5,19,1,3,2,2025-08-17 13:31:00
24101,7,16,1,0,7,2025-08-17 13:31:00
34011,5,21,1,0,5,2025-08-17 13:31:00
21329,10,19,1,8,2,2025-08-17 13:31:00
21704,16,8,1,8,8,2025-08-17 13:31:00
19121,5,16,1,3,2,2025-08-17 13:31:00
13015,31,4,1,29,2,2025-08-17 13:31:00
25007,6,18,1,2,4,2025-08-17 13:31:00
19114,6,14,1,3,3,2025-08-17 13:31:00
12123,14,38,1,3,11,2025-08-17 13:31:00
21002,3,17,1,2,1,2025-08-17 13:31:00
13024,6,27,1,3,3,2025-08-17 13:31:00
23041,25,0,1,24,1,2025-08-17 13:31:00
24005,4,27,1,1,3,2025-08-17 13:31:00
31104,26,3,1,9,17,2025-08-17 13:31:00
42024,21,6,1,21,0,2025-08-17 13:31:00
5027,25,15,1,24,1,2025-08-17 13:31:00
15203,8,19,1,4,4,2025-08-17 13:31:00
13116,6,43,1,1,5,2025-08-17 13:31:00
11111,3,14,1,1,2,2025-08-17 13:31:00
48006,1,18,1,0,1,2025-08-17 13:31:00
15012,38,29,1,35,3,2025-08-17 13:31:00
18016,7,27,1,1,6,2025-08-17 13:31:00
19117,8,22,1,6,2,2025-08-17 13:31:00
15053,22,24,1,22,0,2025-08-17 13:31:00
21022,19,6,1,10,9,2025-08-17 13:31:00
20003,6,15,1,4,2,2025-08-17 13:31:00
15041,3,32,1,1,2,2025-08-17 13:31:00
10003,12,5,1,8,4,2025-08-17 13:31:00
11022,5,11,1,1,4,2025-08-17 13:31:00
41103,5,19,1,2,3,2025-08-17 13:31:00
41602,6,25,1,0,6,2025-08-17 13:31:00
13028,10,23,1,8,2,2025-08-17 13:31:00
15069,36,8,1,36,0,2025-08-17 13:31:00
20012,4,13,1,1,3,2025-08-17 13:31:00
14004,1,22,1,1,0,2025-08-17 13:31:00
14027,29,25,1,27,2,2025-08-17 13:31:00
42303,14,6,1,13,1,2025-08-17 13:31:00
48002,4,33,1,0,4,2025-08-17 13:31:00
41605,3,19,1,0,3,2025-08-17 13:31:00
30003,14,16,1,7,7,2025-08-17 13:31:00
35013,7,13,1,3,4,2025-08-17 13:31:00
20020,4,25,1,1,3,2025-08-17 13:31:00
12008,48,6,1,42,6,2025-08-17 13:31:00
12102,15,15,1,13,2,2025-08-17 13:31:00
13120,2,16,1,2,0,2025-08-17 13:31:00
15024,14,9,1,11,3,2025-08-17 13:31:00
12119,16,34,1,4,12,2025-08-17 13:31:00
10009,3,16,1,0,3,2025-08-17 13:31:00
13006,25,15,1,22,3,2025-08-17 13:31:00
23803,3,17,1,0,3,2025-08-17 13:31:00
43007,0,27,1,0,0,2025-08-17 13:31:00
15050,15,6,1,14,1,2025-08-17 13:31:00
16025,48,20,1,44,4,2025-08-17 13:31:00
13036,11,24,1,5,6,2025-08-17 13:31:00
43004,3,22,1,1,2,2025-08-17 13:31:00
14009,10,26,1,5,5,2025-08-17 13:31:00
17117,5,27,1,3,2,2025-08-17 13:31:00
16017,1,15,1,1,0,2025-08-17 13:31:00
18021,2,37,1,0,2,2025-08-17 13:31:00
16116,19,10,1,13,6,2025-08-17 13:31:00
20013,10,34,1,1,9,2025-08-17 13:31:00
5033,18,9,1,10,8,2025-08-17 13:31:00
15045,0,34,1,0,0,2025-08-17 13:31:00
25004,21,3,1,15,6,2025-08-17 13:31:00
12022,8,38,1,5,3,2025-08-17 13:31:00
15027,3,17,1,0,3,2025-08-17 13:31:00
21023,20,5,1,14,6,2025-08-17 13:31:00
31105,16,2,1,14,2,2025-08-17 13:31:00
42205,19,16,1,4,15,2025-08-17 13:31:00
22701,25,5,1,15,10,2025-08-17 13:31:00
17110,3,26,1,0,3,2025-08-17 13:31:00
31701,11,16,1,3,8,2025-08-17 13:31:00
22404,1,24,1,0,1,2025-08-17 13:31:00
20032,5,21,1,0,5,2025-08-17 13:31:00
20014,9,26,1,3,6,2025-08-17 13:31:00
14035,23,26,1,9,14,2025-08-17 13:31:00
30004,22,6,1,5,17,2025-08-17 13:31:00
14005,12,24,1,11,1,2025-08-17 13:31:00
8046,30,2,1,16,14,2025-08-17 13:31:00
20110,6,14,1,0,6,2025-08-17 13:31:00
32306,1,28,1,0,1,2025-08-17 13:31:00
8007,29,1,1,25,4,2025-08-17 13:31:00
21218,2,15,1,1,1,2025-08-17 13:31:00
17006,11,25,1,8,3,2025-08-17 13:31:00
18101,5,16,1,2,3,2025-08-17 13:31:00
6028,29,8,1,19,10,2025-08-17 13:31:00
20005,3,16,1,2,1,2025-08-17 13:31:00
21207,1,28,1,0,1,2025-08-17 13:31:00
28002,0,1,0,0,0,2025-08-17 13:31:00
11016,3,45,1,0,3,2025-08-17 13:31:00
12122,11,40,1,4,7,2025-08-17 13:31:00
15120,10,16,1,10,0,2025-08-17 13:31:00
16033,4,25,1,3,1,2025-08-17 13:31:00
21205,2,23,1,1,1,2025-08-17 13:31:00
16023,22,11,1,12,10,2025-08-17 13:31:00
24007,5,16,1,3,2,2025-08-17 13:31:00
6004,6,38,1,2,4,2025-08-17 13:31:00
15114,3,8,1,0,3,2025-08-17 13:31:00
11029,9,29,1,0,9,2025-08-17 13:31:00
19014,14,2,1,4,10,2025-08-17 13:31:00
15014,1,33,1,1,0,2025-08-17 13:31:00
11028,11,27,1,4,7,2025-08-17 13:31:00
13055,58,0,1,55,3,2025-08-17 13:31:00
22014,15,10,1,10,5,2025-08-17 13:31:00
21027,14,10,1,9,5,2025-08-17 13:31:00
25002,18,2,1,11,7,2025-08-17 13:31:00
15113,2,23,1,0,2,2025-08-17 13:31:00
6005,43,4,1,31,12,2025-08-17 13:31:00
16022,1,18,1,0,1,2025-08-17 13:31:00
20011,4,16,1,1,3,2025-08-17 13:31:00
19001,6,49,1,1,5,2025-08-17 13:31:00
15044,3,30,1,0,3,2025-08-17 13:31:00
13023,6,22,1,4,2,2025-08-17 13:31:00
12040,29,37,1,18,11,2025-08-17 13:31:00
20106,2,25,1,0,2,2025-08-17 13:31:00
6020,14,21,1,13,1,2025-08-17 13:31:00
21007,10,43,1,10,0,2025-08-17 13:31:00
19007,12,18,1,4,8,2025-08-17 13:31:00
21016,9,31,1,2,7,2025-08-17 13:31:00
5105,12,5,1,11,1,2025-08-17 13:31:00
11018,20,17,1,16,4,2025-08-17 13:31:00
19123,4,26,1,2,2,2025-08-17 13:31:00
21107,2,21,1,0,2,2025-08-17 13:31:00
22007,6,30,1,2,4,2025-08-17 13:31:00
12039,24,14,1,16,8,2025-08-17 13:31:00
13037,15,5,1,10,5,2025-08-17 13:31:00
5031,10,44,1,3,7,2025-08-17 13:31:00
12017,16,37,1,10,6,2025-08-17 13:31:00
14025,3,27,1,1,2,2025-08-17 13:31:00
6009,18,18,1,8,10,2025-08-17 13:31:00
42027,3,23,1,1,2,2025-08-17 13:31:00
16104,5,30,1,1,4,2025-08-17 13:31:00
20033,1,45,1,0,1,2025-08-17 13:31:00
30005,29,3,1,10,19,2025-08-17 13:31:00
17050,1,27,1,0,1,2025-08-17 13:31:00
13013,4,15,1,4,0,2025-08-17 13:31:00
8044,4,29,1,2,2,2025-08-17 13:31:00
21510,1,23,1,1,0,2025-08-17 13:31:00
51007,6,22,1,3,3,2025-08-17 13:31:00
17036,1,27,1,0,1,2025-08-17 13:31:00
11040,15,20,1,5,10,2025-08-17 13:31:00
13008,10,42,1,6,4,2025-08-17 13:31:00
11038,10,35,1,5,5,2025-08-17 13:31:00
1201,27,1,1,14,13,2025-08-17 13:31:00
21511,28,18,1,19,9,2025-08-17 13:31:00
21033,14,3,1,9,5,2025-08-17 13:31:00
21112,29,27,1,18,11,2025-08-17 13:31:00
8031,6,43,1,2,4,2025-08-17 13:31:00
22703,11,19,1,6,5,2025-08-17 13:31:00
24010,16,8,1,10,6,2025-08-17 13:31:00
25009,15,5,1,11,4,2025-08-17 13:31:00
41101,18,6,1,11,7,2025-08-17 13:31:00
26010,10,11,1,5,5,2025-08-17 13:31:00
20030,6,35,1,2,4,2025-08-17 13:31:00
16140,17,13,1,16,1,2025-08-17 13:31:00
3201,21,3,1,16,5,2025-08-17 13:31:00
20035,1,25,1,0,1,2025-08-17 13:31:00
23106,0,20,1,0,0,2025-08-17 13:31:00
21508,11,15,1,1,10,2025-08-17 13:31:00
15032,25,32,1,22,3,2025-08-17 13:31:00
20037,5,19,1,0,5,2025-08-17 13:31:00
19045,21,43,1,14,7,2025-08-17 13:31:00
22302,13,23,1,12,1,2025-08-17 13:31:00
13053,18,2,1,13,5,2025-08-17 13:31:00
9029,3,36,1,1,2,2025-08-17 13:31:00
48011,9,11,1,1,8,2025-08-17 13:31:00
10001,6,25,1,6,0,2025-08-17 13:31:00
41212,12,8,1,0,12,2025-08-17 13:31:00
34009,5,24,1,2,3,2025-08-17 13:31:00
41304,31,0,1,25,6,2025-08-17 13:31:00
10151,14,10,1,4,10,2025-08-17 13:31:00
8003,6,40,1,2,4,2025-08-17 13:31:00
7007,29,36,1,13,16,2025-08-17 13:31:00
26011,14,6,1,9,5,2025-08-17 13:31:00
22208,2,18,1,0,2,2025-08-17 13:31:00
22209,5,16,1,3,2,2025-08-17 13:31:00
45005,25,1,1,17,8,2025-08-17 13:31:00
35021,8,23,1,5,3,2025-08-17 13:31:00
18045,5,11,1,0,5,2025-08-17 13:31:00
14110,6,19,1,3,3,2025-08-17 13:31:00
18018,4,15,1,1,3,2025-08-17 13:31:00
10025,9,5,1,1,8,2025-08-17 13:31:00
32305,2,28,1,1,1,2025-08-17 13:31:00
22305,28,7,1,17,11,2025-08-17 13:31:00
21954,3,20,1,0,3,2025-08-17 13:31:00
22507,6,20,1,4,2,2025-08-17 13:31:00
11201,5,11,1,1,4,2025-08-17 13:31:00
22602,19,10,1,3,16,2025-08-17 13:31:00
12106,58,9,1,55,3,2025-08-17 13:31:00
23205,2,21,1,0,2,2025-08-17 13:31:00
32023,29,1,1,15,14,2025-08-17 13:31:00
23201,6,39,1,1,5,2025-08-17 13:31:00
25010,4,25,1,0,4,2025-08-17 13:31:00
12165,25,8,1,15,10,2025-08-17 13:31:00
12001,34,25,1,29,5,2025-08-17 13:31:00
22018,3,32,1,2,1,2025-08-17 13:31:00
21320,7,33,1,6,1,2025-08-17 13:31:00
11001,33,19,1,30,3,2025-08-17 13:31:00
21327,24,7,1,20,4,2025-08-17 13:31:00
23203,3,22,1,0,3,2025-08-17 13:31:00
9035,6,38,1,2,4,2025-08-17 13:31:00
17126,4,27,1,3,1,2025-08-17 13:31:00
34005,28,2,1,15,13,2025-08-17 13:31:00
17127,34,6,1,34,0,2025-08-17 13:31:00
26008,16,18,1,5,11,2025-08-17 13:31:00
26009,18,10,1,13,5,2025-08-17 13:31:00
34008,4,24,1,4,0,2025-08-17 13:31:00
34012,11,15,1,8,3,2025-08-17 13:31:00
23204,4,24,1,2,2,2025-08-17 13:31:00
31301,18,10,1,3,15,2025-08-17 13:31:00
21514,14,10,1,10,4,2025-08-17 13:31:00
31303,23,4,1,9,14,2025-08-17 13:31:00
5107,20,2,1,19,1,2025-08-17 13:31:00
10026,4,51,1,3,1,2025-08-17 13:31:00
17010,15,38,1,12,3,2025-08-17 13:31:00
18023,7,28,1,1,6,2025-08-17 13:31:00
18026,4,30,1,1,3,2025-08-17 13:31:00
18024,6,29,1,3,3,2025-08-17 13:31:00
16006,3,16,1,1,2,2025-08-17 13:31:00
8008,20,12,1,16,4,2025-08-17 13:31:00
13205,5,18,1,2,3,2025-08-17 13:31:00
31202,17,7,1,12,5,2025-08-17 13:31:00
7201,2,16,1,2,0,2025-08-17 13:31:00
31201,14,22,1,3,11,2025-08-17 13:31:00
15013,11,18,1,11,0,2025-08-17 13:31:00
13204,18,22,1,11,7,2025-08-17 13:31:00
13035,8,12,1,2,6,2025-08-17 13:31:00
15062,27,8,1,17,10,2025-08-17 13:31:00
10114,17,43,1,11,6,2025-08-17 13:31:00
18134,6,19,1,3,3,2025-08-17 13:31:00
13203,16,8,1,5,11,2025-08-17 13:31:00
47007,17,1,1,15,2,2025-08-17 13:31:00
13202,17,10,1,14,3,2025-08-17 13:31:00
13051,22,2,1,19,3,2025-08-17 13:31:00
47008,21,0,1,12,9,2025-08-17 13:31:00
21501,5,13,1,2,3,2025-08-17 13:31:00
8038,15,38,1,4,11,2025-08-17 13:31:00
19204,9,10,1,2,7,2025-08-17 13:31:00
22019,0,0,0,0,0,2025-08-17 13:31:00
5201,6,10,1,1,5,2025-08-17 13:31:00
18206,2,36,1,0,2,2025-08-17 13:31:00
18042,7,14,1,0,7,2025-08-17 13:31:00
18044,4,26,1,1,3,2025-08-17 13:31:00
11037,15,23,1,11,4,2025-08-17 13:31:00
18041,15,4,1,4,11,2025-08-17 13:31:00
12157,11,54,1,3,8,2025-08-17 13:31:00
35002,12,19,1,5,7,2025-08-17 13:31:00
7109,36,1,1,29,7,2025-08-17 13:31:00
11102,8,51,1,6,2,2025-08-17 13:31:00
8057,14,19,1,12,2,2025-08-17 13:31:00
8039,7,10,1,6,1,2025-08-17 13:31:00
16103,3,19,1,0,3,2025-08-17 13:31:00
21213,6,19,1,1,5,2025-08-17 13:31:00
3004,11,7,1,6,5,2025-08-17 13:31:00
11014,33,14,1,9,24,2025-08-17 13:31:00
11046,9,10,1,3,6,2025-08-17 13:31:00
11009,13,9,1,11,2,2025-08-17 13:31:00
35001,14,7,1,1,13,2025-08-17 13:31:00
15060,18,3,1,13,5,2025-08-17 13:31:00
11011,7,18,1,5,2,2025-08-17 13:31:00
7023,57,1,1,44,13,2025-08-17 13:31:00
11012,22,11,1,8,14,2025-08-17 13:31:00
15105,11,14,1,8,3,2025-08-17 13:31:00
18205,9,22,1,6,3,2025-08-17 13:31:00
11020,5,43,1,4,1,2025-08-17 13:31:00
7111,21,5,1,18,3,2025-08-17 13:31:00
9025,7,47,1,6,1,2025-08-17 13:31:00
7025,33,0,1,19,14,2025-08-17 13:31:00
4108,25,0,1,22,3,2025-08-17 13:31:00
40007,12,15,1,11,1,2025-08-17 13:31:00
40010,2,19,1,1,1,2025-08-17 13:31:00
40012,6,2,1,1,5,2025-08-17 13:31:00
40013,24,12,1,6,18,2025-08-17 13:31:00
12107,11,10,1,7,4,2025-08-17 13:31:00
40014,12,16,1,5,7,2025-08-17 13:31:00
23011,3,21,1,1,2,2025-08-17 13:31:00
16005,14,11,1,8,6,2025-08-17 13:31:00
12201,25,26,1,10,15,2025-08-17 13:31:00
26005,21,7,1,10,11,2025-08-17 13:31:00
40003,8,10,1,4,4,2025-08-17 13:31:00
23801,7,13,1,2,5,2025-08-17 13:31:00
40004,18,7,1,1,17,2025-08-17 13:31:00
23703,3,15,1,0,3,2025-08-17 13:31:00
40008,3,41,1,0,3,2025-08-17 13:31:00
14021,24,35,1,19,5,2025-08-17 13:31:00
13106,12,11,1,4,8,2025-08-17 13:31:00
40015,9,15,1,2,7,2025-08-17 13:31:00
51005,31,4,1,14,17,2025-08-17 13:31:00
10031,6,30,1,3,3,2025-08-17 13:31:00
32004,13,27,1,0,13,2025-08-17 13:31:00
20137,1,24,1,0,1,2025-08-17 13:31:00
35014,3,23,1,0,3,2025-08-17 13:31:00
31708,3,18,1,0,3,2025-08-17 13:31:00
27004,5,23,1,3,2,2025-08-17 13:31:00
10013,13,43,1,12,1,2025-08-17 13:31:00
15103,41,10,1,39,2,2025-08-17 13:31:00
15026,28,4,1,20,8,2025-08-17 13:31:00
1022,9,28,1,4,5,2025-08-17 13:31:00
41301,11,39,1,3,8,2025-08-17 13:31:00
19203,8,18,1,4,4,2025-08-17 13:31:00
34014,17,15,1,4,13,2025-08-17 13:31:00
21404,1,17,1,0,1,2025-08-17 13:31:00
17123,7,11,1,2,5,2025-08-17 13:31:00
6001,10,6,1,8,2,2025-08-17 13:31:00
1002,20,0,1,11,9,2025-08-17 13:31:00
17038,8,53,1,4,4,2025-08-17 13:31:00
19018,14,42,1,5,9,2025-08-17 13:31:00
8052,15,15,1,6,9,2025-08-17 13:31:00
32001,13,16,1,7,6,2025-08-17 13:31:00
13123,37,9,1,25,12,2025-08-17 13:31:00
4010,27,2,1,13,14,2025-08-17 13:31:00
33019,16,18,1,5,11,2025-08-17 13:31:00
21021,21,19,1,18,3,2025-08-17 13:31:00
40002,16,3,1,8,8,2025-08-17 13:31:00
42004,18,8,1,15,3,2025-08-17 13:31:00
15122,8,18,1,1,7,2025-08-17 13:31:00
22304,10,22,1,8,2,2025-08-17 13:31:00
44018,0,0,0,0,0,2025-08-17 13:31:00
21302,3,22,1,2,1,2025-08-17 13:31:00
1003,21,20,1,6,15,2025-08-17 13:31:00
15058,23,22,1,11,12,2025-08-17 13:31:00
15204,23,1,1,17,6,2025-08-17 13:31:00
4104,14,2,1,10,4,2025-08-17 13:31:00
18014,9,4,1,1,8,2025-08-17 13:31:00
12010,14,7,1,12,2,2025-08-17 13:31:00
32012,7,61,1,3,4,2025-08-17 13:31:00
9104,17,5,1,12,5,2025-08-17 13:31:00
12127,12,36,1,9,3,2025-08-17 13:31:00
18043,8,11,1,0,8,2025-08-17 13:31:00
5202,13,21,1,12,1,2025-08-17 13:31:00
8002,43,2,1,39,4,2025-08-17 13:31:00
12105,41,0,1,25,16,2025-08-17 13:31:00
8203,13,22,1,7,6,2025-08-17 13:31:00
8004,67,1,1,63,4,2025-08-17 13:31:00
15056,18,4,1,15,3,2025-08-17 13:31:00
